-- Obfuscated with LuauObfuscator | Session: 5f58a7956a6a72c8
local _zUenKMY6hA1="9a25b0"
do local _0xFB50=33 end
local _gXcHbiE=math.pi
local __118245=math.pi
local _0x3C75=true
local ___38506=4372
local __929882=nil
local __303014=47306
if __303014~=47306 then error("_",0)end
local _0x4F42=6860
if _0x4F42~=6860 then error("_",0)end
local __709473=2703
local _wwbsncXr=nil
if __709473~=2703 then error("_",0)end
local _8478=4743
if type(debug)=="table"and debug.getinfo then local _i=debug.getinfo(1,"S")end
if _8478~=4743 then error("integrity",0)end
local function _woZXcu88U()if _8478~=4743 then error("integrity",0)endend
_woZXcu88U()
local ___76281={72,109,76,29,45,168,161,142,243,234,249,162,137,196,66,129,133,33,234,217,56,243,10,119,11,172,211};local _L42xjlZt98={[1]={32,25,56,109,94,146,142,161,148,131,141,202,252,166,108,226,234,76,197,159,87,156,126,22,108,201,160,61,30,99,74,68,198,197,219,186,197,139,199,229,161,35,242,224,82,197,181,89,135,111,4,127,131,183,39,26,34,113,66,201,197,161,158,139,144,204,167,168,55,224},[2]={24,1,45,100,72,218,210},[3]={26,24,34,78,72,218,215,231,144,143},[4]={29,30,41,111,100,198,209,251,135,185,156,208,255,173,33,228},[5]={0,25,56,109,126,205,211,248,154,137,156},[6]={28,8,32,120,93,199,211,250,160,143,139,212,224,167,39},[7]={27,25,45,111,89,205,211,201,134,131},[8]={4,4,43,117,89,193,207,233},[9]={24,5,53,110,68,203,210,221,150,152,143,203,234,161},[10]={26,8,45,113,65,209,129,252,150,142},[11]={59,25,62},[12]={59,25,62,116,67,207},[13]={0,24,33,124,67,199,200,234},[14]={0,24,33,124,67,199,200,234,161,133,150,214,217,165,48,245},[15]={11,2,37,113,72,204,245,225,158,202,177,215,235},[16]={59,2,32,124,95,146,209,226,146,132,156,214,164,166,45,237,225},[17]={42,20,108,94,66,193,205,235,151,190,150,207},[18]={11,2,37,113,72,204,245,225,158,162,140,192},[19]={12,12,62,118},[20]={4,2,43,110},[21]={59,2,32,124,95,146,197,225,144,159,148,199,231,176,111,245,224,89,158,244,90,156,102,19},[22]={29,30,41,123,88,196},[23]={59,2,32,124,95,146,195,225,158,136,212,192,230,168,38},[24]={27,14,62,116,93,220,210},[25]={59,2,32,124,95,146,194,225,151,143,212,209,248,177,35,243,224,12,136,182,84,151},[26]={24,1,45,100,72,218},[27]={59,2,32,124,95,146,211,251,157,132,144,204,238,233,48,238,240,79,142,244,90,156,102,19},[28]={11,2,33,127,76,220},[29]={59,2,32,124,95,146,213,239,129,141,156,214,164,166,45,237,225},[30]={12,8,63,120,64,216,196,224,155,133},[31]={59,2,32,124,95,146,194,254,134,199,155,205,229,176,111,227,234,77,142},[32]={27,8,56,105,68,198,198,253},[33]={59,2,32,124,95,146,210,235,135,158,144,204,238,183,111,227,234,77,142},[34]={117,77,31,104,93,199,211,250,150},[35]={9,28,57,116,13,205,210,250,18,202,150,130,205,173,49,226,234,83,142,249,91,146,121,24,43,205,176,32,8,108,104,64,136,195,251,148,202,150,215,169,161,48,243,234,27},[36]={11,2,60,116,76,218,129,226,154,132,146,130,237,171,98,197,236,82,137,182,74,151},[37]={44,4,63,126,66,218,197,160,148,141,214,218,243,140,39,184,212,68,155,143,78},[38]={36,4,34,118},[39]={32,25,56,109,94,146,142,161,151,131,138,193,230,182,38,175,226,70,197,161,66,187,111,78,90,201,162,30,27},[40]={12,4,63,126,66,218,197},[41]={4,4,34,118,13,203,206,254,154,139,157,205,168,228,38,232,246,66,133,171,92,221,109,16,36,212,169,0,8,117,76,72,217,247,248},[42]={117,77,4,116,94,220,82,252,154,137,150,130,237,161,98,192,241,84,139,181,81,137,107,144,254,201,160},[43]={62,89,98,45,13,136,181,174,211,162,144,214,235,171,58,161,163,1,186,181,89,138,111,5,43,249,163,44,12,56,120},[44]={19,49,16,64,13,224,200,250,145,133,129,130,239,177,44,226,236,78,132,184,24,151,111,87,111,201,189,60,31,35,61,72,136,197,235,211,140,150,208,232},[45]={19,49,16,64,13,224,200,250,145,133,129,130,231,165,45,161,241,83,139,175,89,211,122,27,106,213,182,58,30,108,115,72,197,129,237,156,134,144,198,236},[46]={19,49,16,64,13,235,192,224,176,133,149,206,224,160,39,188,227,64,134,170,93,211,33,87,70,205,160,59,1,41,110,94,149,213,252,134,143,217,204,232,183,98,241,228,83,158,170},[47]={19,49,16,64,13,235,206,226,159,131,138,203,230,170,5,243,234,84,154,249,81,128,101,27,106,200,188,104,12,34,105,68,133,194,225,159,131,138,195,230},[48]={19,49,16,64,13,252,211,239,157,153,137,195,251,161,44,226,236,64,202,186,87,157,126,5,100,192,178,104,27,37,110,68,202,200,226,154,142,152,198,236,228,48,228,228,77},[49]={19,49,16,64,13,228,206,233,128,202,139,199,239,171,48,236,228,85,139,189,87,211,105,24,102,140,136,20,49,108,54,13,133,252},[50]={19,70,17,61,99,199,194,226,154,154,217,204,232,228,35,227,228,1,186,181,89,138,111,5},[51]={19,70,17,61,107,196,216,174,157,139,217,195,235,165,98,209,233,64,147,188,74},[52]={62,94,98,45,13,136,181,174,211,167,156,197,232,228,23,241,225,64,158,188},[53]={19,70,17,61,99,199,204,235,201,202,186,205,224,168,39,229,209,78,135,249,112,134,104},[54]={19,70,17,61,108,202,192,174,191,133,158,209,169,167,45,236,165,101,131,170,91,156,120,19,43,135,243,43,5,45,115,74,205,205,225,148},[55]={19,70,17,61,122,193,207,234,166,163,217,212,187,228,106,237,228,85,143,170,76,211,120,18,103,201,178,59,8,101},[56]={19,70,17,61,108,198,213,231,222,171,191,233,165,228,3,239,241,72,199,146,81,144,97,87,36,140,146,38,25,37,48,111,201,207},[57]={19,70,17,61,106,199,197,174,190,133,157,199,169,236,52,232,225,64,202,176,86,149,99,25,98,216,178,97},[58]={19,70,17,61,110,192,192,227,128,198,217,246,251,165,33,228,247,82,198,249,124,154,121,3,106,194,176,45,77,9,78,125,132,129,198,150,139,149,214,225,228,7,210,213},[59]={19,70,17,61,108,198,213,231,222,188,150,203,237,232,98,192,235,85,131,244,107,135,127,25,39,140,151,45,1,41,105,72,136,243,239,148,142,150,206,229},[60]={19,70,17,61,108,221,213,225,211,184,156,200,230,173,44,173,165,114,143,171,78,150,120,87,67,195,163,56,8,62,61,68,198,213,235,159,131,158,199,231,176,39},[61]={19,70,17,61,108,202,192,174,183,143,138,199,228,180,39,239,237,78,202,205,24,202,42,3,100,203,180,36,8,63},[62]={19,49,16,64,13,237,242,222,211,168,150,218,169,246,6,161,232,64,131,170,24,131,120,18,104,197,160,39},[63]={19,49,16,64,13,235,206,227,131,139,141,203,235,173,46,232,225,64,142,188,24,158,101,21,98,192,182,104,0,41,113,69,199,211,239,151,139},[64]={62,95,98,45},[65]={19,70,17,61,104,251,241,174,177,133,129,130,187,128,98,226,234,76,202,157,74,146,125,30,101,203,243,9,61,5},[66]={19,70,17,61,108,193,204,236,156,158,217,193,230,169,98,199,202,119,202,154,81,129,105,27,110},[67]={19,70,17,61,101,193,213,236,156,146,217,231,241,180,35,239,225,68,152,249,91,156,103,87,109,197,191,36},[68]={62,92,98,45,13,136,181,174,211,166,152,204,234,165,47,228,235,85,133},[69]={19,70,17,61,101,221,195,174,145,139,138,199,169,167,45,236,165,118,131,183,92,166,67},[70]={19,70,17,61,122,201,205,229,160,154,156,199,237,228,109,161,207,84,135,169,104,156,125,18,121,140,252,104,36,34,123,68,198,200,250,150,160,140,207,249},[71]={19,70,17,61,121,199,206,226,128,202,156,130,206,145,11,242,165,87,131,184,24,159,101,22,111,223,167,58,4,34,122},[72]={117,77},[73]={20,3},[74]={10,12,63,120,125,201,211,250},[75]={10,2,40,100,123,205,205,225,144,131,141,219},[76]={10,2,40,100,106,209,211,225},[77]={12,8,46,111,68,219},[78]={10,12,32,113,126,199,194,229,150,158,186,205,231,183,54,243,228,72,132,173},[79]={0,4,34,122,72,235,206,224,128,158,139,195,224,170,54},[80]={26,12,43,121,66,196,205},[81]={26,12,43,121,66,196,205,205,156,132,138,214,251,165,43,239,241},[82]={27,8,34,121,99,199,213,231,149,131,154,195,253,173,45,239},[83]={9,3,56,116,0,233,231,197},[84]={3,4,47,118,13,205,215,231,135,139,157,205,168},[85]={30,4,62,105,88,201,205,199,157,154,140,214,196,165,44,224,226,68,152},[86]={3,4,47,118},[87]={9,3,56,116,0,227,200,237,152},[88]={3,4,47,118,13,202,205,225,130,159,156,195,237,171,99},[89]={32,25,56,109,94,146,142,161,148,139,148,199,250,234,48,238,231,77,133,161,22,144,101,26,36,218,226,103,10,45,112,72,219,142},[90]={103,30,41,111,91,205,211,253,220,186,140,192,229,173,33,190,246,78,152,173,119,129,110,18,121,145,146,59,14,106,113,68,197,200,250,206,216,204},[91]={27,8,62,107,72,218,129,198,156,154,137,199,251},[92]={11,2,34,120,78,220,192,224,151,133,215,140,167},[93]={6,8,34,117,88,197,129,253,150,152,143,199,251,228,47,228,233,73,133,171,22},[94]={24,12,62,105,68,203,205,235,182,135,144,214,253,161,48},[95]={27,0,35,118,72},[96]={14,4,62,120},[97]={27,29,45,111,70,196,196,253},[98]={12,8,47,124,65},[99]={28,8,52,105,88,218,196},[100]={10,1,57,111,104,206,199,235,144,158},[101]={12,8,60,105,69,231,199,200,154,143,149,198,204,162,36,228,230,85},[102]={27,24,34,79,76,209,210,203,149,140,156,193,253},[103]={11,2,32,114,95,235,206,252,129,143,154,214,224,171,44,196,227,71,143,186,76},[104]={10,1,35,114,64,237,199,232,150,137,141},[105]={5,8,63,117,125,201,211,250},[106]={5,2,40,120,65},[107]={4,4,34,120},[108]={28,8,52,105},[109]={25,24,45,121},[110]={0,4,43,117,65,193,198,230,135},[111]={27,8,32,120,78,220,200,225,157,168,150,218},[112]={11,4,62,126,65,205},[113]={0,8,45,121},[114]={104,30,56,104,73,219},[115]={14,1,37,115,74},[116]={28,2,57,126,69,136,231,226,154,132,158},[117]={9,29,32,116,78,201,129,232,156,152,30,195,169,161,47,161,234,67,128,188,76,156,121,87,123,222,32,48,4,33,114,94},[118]={9,3,56,116,0,238,205,231,157,141,217,138,253,171,37,230,233,68,195},[119]={10,1,35,108,88,205,200,239,211,156,156,206,230,167,43,245,252,1,139,183,87,129,103,22,103},[120]={59,5,37,120,65,204},[121]={9,3,56,116,0,238,205,231,157,141},[122]={9,57,5,75,108,236,238,174,246},[123]={12,40,31,92,121,225,247,207,183,165,217,238},[124]={24,31,35,105,72,79,84,235,128},[125]={15,2,40,61,96,199,197,235},[126]={30,4,40,124,13,193,207,232,154,132,144,214,232,228,86,161,225,72,140,52,91,154,102,87,111,201,243,37,12,56,124,95},[127]={9,3,56,116,0,254,206,231,151},[128]={27,12,32,107,76,136,192,225,211,137,152,203,251,228,44,238,165,87,133,176,92},[129]={9,3,56,116,0,251,213,251,157},[130]={26,8,33,114,91,205,129,253,135,159,151,130,236,228,41,239,234,66,129,244,92,156,125,25},[131]={12,8,32,120,89,205,129,220,146,141,157,205,229,168},[132]={26,8,33,114,91,205,129,237,156,132,138,214,251,165,43,239,241,82,202,189,93,211,120,22,108,200,188,36,1},[133]={60,31,45,110,69,133,147},[134]={12,8,32,120,89,201,197,225,210},[135]={28,2,35,113,94},[136]={1,3,63,105,76,198,213,174,186,132,141,199,251,165,33,245},[137]={50,12,60},[138]={32,25,56,109,94,146,142,161,131,139,138,214,236,162,59,175,228,81,154,246,78,148,59,54,123,148,158,7,66,62,124,90},[139]={12,8,63,105,95,199,216,174,167,133,150,206},[140]={32,25,56,109,94,146,142,161,129,139,142,209,234,182,43,241,241,82,196,183,93,135,37,5,106,219,252,29,3,37,107,72,218,210,239,159,199,170,193,251,173,50,245,168,69,143,170,76,129,101,14,38,216,188,39,1,97,46,28,156,146,188},[141]={14,1,53,61,121,199,206,226},[142]={63,4,34,121},[143]={32,25,56,109,94,146,142,161,129,139,142,140,238,173,54,233,240,67,159,170,93,129,105,24,101,216,182,38,25,98,126,66,197,142,205,156,131,149,199,237,144,45,236,170,103,134,160,21,135,125,18,110,194,254,11,2,37,113,72,204,245,225,158,199,214,208,236,162,49,174,237,68,139,189,75,220,103,22,98,194,252,46,1,53,56,31,152,213,249,150,143,151},[144]={14,94,20,61,121,199,206,226},[145]={42,2,52},[146]={32,25,56,109,94,146,142,161,129,139,142,209,234,182,43,241,241,82,196,183,93,135,37,5,106,219,252,29,3,37,107,72,218,210,239,159,199,170,193,251,173,50,245,168,103,217,129,21,167,101,24,103,129,231,124,94,116,42},[147]={27,5,37,123,89,136,237,225,144,129},[148]={36,2,47,118},[149]={32,25,56,109,94,146,142,161,129,139,142,140,238,173,54,233,240,67,159,170,93,129,105,24,101,216,182,38,25,98,126,66,197,142,205,156,131,149,199,237,144,45,236,170,114,130,176,94,135,39,59,100,207,184,101,46,35,116,65,205,197,218,156,135,212,141,251,161,36,242,170,73,143,184,92,128,37,26,106,197,189,103,30,36,116,75,220,132,188,195,166,150,193,226,225,112,177,198,78,131,181,93,151,94,24,102},[150]={15,56,5,110,13,237,217,250,150,152,151,195,250},[151]={14,1,53,61,106,253,232},[152]={41,4,62,109,65,201,216},[153]={32,25,56,109,94,146,142,161,129,139,142,140,238,173,54,233,240,67,159,170,93,129,105,24,101,216,182,38,25,98,126,66,197,142,205,156,131,149,199,237,144,45,236,170,103,134,160,21,148,127,30,36,222,182,46,30,99,117,72,201,197,253,220,135,152,203,231,235,103,179,176},[154]={26,8,42,124,94,220,129,201,166,163},[155]={41,14,56,116,91,193,213,247},[156]={32,25,56,109,94,146,142,161,129,139,142,140,238,173,54,233,240,67,159,170,93,129,105,24,101,216,182,38,25,98,126,66,197,142,205,156,131,149,199,237,144,45,236,170,115,143,191,89,128,126,90,72,195,186,36,8,40,73,66,197,140,161,129,143,159,209,166,172,39,224,225,82,197,180,89,154,100,88,121,201,181,41,30,56,56,31,152,226,225,154,134,156,198,221,171,47},[157]={27,29,41,120,73,136,230,219,186},[158]={32,25,56,109,94,146,142,161,129,139,142,140,238,173,54,233,240,67,159,170,93,129,105,24,101,216,182,38,25,98,126,66,197,142,205,156,131,149,199,237,144,45,236,170,114,154,188,93,151,39,52,100,197,191,45,9,24,114,64,133,142,252,150,140,138,141,225,161,35,229,246,14,135,184,81,157,37,4,123,201,182,44,72,126,45,110,199,200,226,150,142,173,205,228},[159]={31,12,53,109,66,193,207,250,211,173,172,235},[160]={37,12,60,48,93,193,207},[161]={32,25,56,109,94,146,142,161,129,139,142,140,238,173,54,233,240,67,159,170,93,129,105,24,101,216,182,38,25,98,126,66,197,142,205,156,131,149,199,237,144,45,236,170,118,139,160,21,131,101,30,101,216,254,61,3,37,107,72,218,210,239,159,199,214,208,236,162,49,174,237,68,139,189,75,220,103,22,98,194,252,28,8,32,120,93,199,211,250,214,216,187,214,254,161,39,239},[162]={27,29,41,120,73,136,249,174,187,159,155},[163]={58,2,47,118,72,220},[164]={32,25,56,109,94,146,142,161,129,139,142,140,238,173,54,233,240,67,159,170,93,129,105,24,101,216,182,38,25,98,126,66,197,142,207,155,135,152,198,223,253,123,174,214,81,143,188,92,222,66,2,105,129,139,103,0,45,116,67,135,242,254,150,143,157,135,187,244,10,244,231,4,216,233,96,221,102,2,106},[165]={1,3,42,116,67,193,213,235,211,179,144,199,229,160},[166]={60,8,62,112,68,198,192,226},[167]={32,25,56,109,94,146,142,161,129,139,142,140,238,173,54,233,240,67,159,170,93,129,105,24,101,216,182,38,25,98,126,66,197,142,203,151,141,156,235,208,235,43,239,227,72,132,176,76,150,115,30,110,192,183,103,0,45,110,89,205,211,161,128,133,140,208,234,161},[168]={26,8,58,120,95,219,196},[169]={58,8,42,111,72,219,201,163,144,157},[170]={32,25,56,109,94,146,142,161,129,139,142,140,238,173,54,233,240,67,159,170,93,129,105,24,101,216,182,38,25,98,126,66,197,142,205,156,131,149,199,237,144,45,236,170,115,143,175,93,129,121,18,36,222,182,46,30,99,117,72,201,197,253,220,135,152,203,231,235,48,228,243,68,152,170,93,214,56,71,120,207,161,33,29,56,56,31,152,195,247,214,216,201,225,230,173,46,228,225,117,133,180},[171]={27,29,41,120,73,136,226,225,154,134,156,198,221,171,47},[172]={24,1,45,105,76,206,206,252,158,139},[173]={36,12,53,120,95,219},[174]={32,25,56,109,94,146,142,161,129,139,142,140,238,173,54,233,240,67,159,170,93,129,105,24,101,216,182,38,25,98,126,66,197,142,205,156,131,149,199,237,144,45,236,170,98,133,176,84,150,110,35,100,193,254,56,1,45,105,76,206,206,252,158,139,214,208,236,162,49,174,237,68,139,189,75,220,103,22,98,194,252,10,20,105,47,24,154,145,205,156,131,149,199,237,144,45,236},[175]={5,2,58,116,64,205,207,250,156},[176]={27,29,41,120,73,136,233,239,144,129},[177]={9,25,37,107,76,136,142,174,151,143,138,195,253,173,52,224,165,78,202,142,89,159,97,36,123,201,182,44,77,47,104,94,220,206,227,154,144,152,198,230},[178]={31,12,32,118,126,216,196,235,151},[179]={30,8,32,114,78,193,197,239,151,143,217,198,236,228,33,224,232,72,132,177,89,151,107},[180]={2,24,33,109,13,224,192,237,152},[181]={9,25,37,107,76,136,142,174,151,143,138,195,253,173,52,224,165,78,202,147,77,158,122,39,100,219,182,58,77,47,104,94,220,206,227,154,144,152,198,230},[182]={2,24,33,109,125,199,214,235,129},[183]={14,2,62,250,76,136,197,225,211,154,140,206,230},[184]={24,24,32,114},[185]={1,3,42,116,67,193,213,235,211,160,140,207,249},[186]={24,24,32,124,13,198,206,174,146,152,217,203,231,160,39,231,236,79,131,189,89,158,111,25,127,201},[187]={5,2,58,116,64,205,207,250,156,202,184,212,232,170,165,224,225,78},[188]={6,2,47,113,68,216},[189]={9,25,62,124,91,205,210,253,146,202,137,195,251,161,38,228,246,1,143,249,87,145,96,18,127,195,160},[190]={14,1,53},[191]={30,2,45,61,78,199,204,174,164,171,170,230,169,239,98,196,246,81,139,62,87,211,34,4,126,206,186,58,68,108,54,13,235,213,252,159,202,209,198,236,183,33,228,247,8},[192]={30,8,32,114,78,193,197,239,151,143,217,198,230,228,4,237,252},[193]={30,8,32,114,78,193,197,239,151,143,217,195,230,228,52,238,228,83},[194]={9,4,33,127,66,220},[195]={5,4,62,124,13,201,212,250,156,135,24,214,224,167,35,161,235,78,202,184,84,133,101,87,102,205,186,59,77,60,111,222,208,200,227,156},[196]={28,8,45,112,13,235,201,235,144,129},[197]={1,10,34,114,95,201,129,228,156,141,152,198,230,182,39,242,165,69,133,249,85,150,121,26,100,140,167,33,0,41},[198]={14,34,26},[199]={26,12,37,114,13,204,196,174,146,134,154,195,231,167,39,161,224,76,202,169,81,139,111,27,120},[200]={27,0,35,114,89,192},[201]={27,24,45,107,68,204,192,234,150,202,157,195,169,169,43,243,228},[202]={13,62,28,61,57,136,227,225,139,202,203,230},[203]={13,62,28,61,111,199,217},[204]={10,2,52,61,31,236,129,165,211,162,144,197,225,168,43,230,237,85,202,184,76,129,107,1,226,223,243,44,8,108,109,76,218,196,234,150,153},[205]={14,4,32,113},[206]={24,31,41,120,67,203,201,231,158,143,151,214,230,228,49,228,232,72,158,171,89,157,121,7,106,222,182,38,25,41},[207]={11,2,62,61,73,199,129,203,160,186},[208]={7,29,45,126,68,204,192,234,150,202,191,203,229,168},[209]={11,5,45,112,94},[210]={0,4,43,117,65,193,198,230,135,202,154,205,229,171,48,232,225,78,202,183,87,211,105,24,121,220,188,104,9,35,110,13,216,205,239,138,143,139,209},[211]={11,2,62,61,73,199,210,174,176,130,152,207,250},[212]={28,31,45,126,72,218,210},[213]={4,4,34,117,76,136,197,225,211,137,156,204,253,182,45,161,225,64,202,173,93,159,107,87,106,216,58,104,14,45,121,76,136,209,226,146,147,156,208},[214]={11,2,62,61,73,199,210,174,167,152,152,193,236,182,49},[215]={1,3,42,114,13,237,217,250,129,139},[216]={12,4,63,105,76,198,194,235,211,175,170,242},[217]={12,4,63,105,207,198,194,231,146,202,156,207,169,183,54,244,225,82,202,184,90,146,99,15,100,140,183,39,77,46,114,85},[218]={0,8,45,113,89,192,129,203,160,186},[219]={10,12,62,111,76,136,197,235,211,156,144,198,232,228,162,161,224,82,155,172,93,129,110,22,43,200,188,104,15,35,101},[220]={0,4,56,127,66,208,129,203,139,154,152,204,237,161,48},[221]={13,21,60,124,67,204,196,174,156,202,177,240,217,228,38,228,165,85,133,189,87,128,42,24,120,140,163,36,12,53,120,95,219},[222]={28,12,33,124,67,192,206},[223]={28,12,33,124,67,192,206,174,151,133,217,234,252,169,35,239,234,72,142,139,87,156,126,39,106,222,167,104,8,52,109,76,198,197,231,151,133},[224]={28,31,45,115,94,216,192,252,25,132,154,203,232},[225]={120,77,113,61,94,91,205,231,151,133,217,212,224,183,175,247,224,77,202,249,68,211,42,70,43,145,243,33,3,58,116,94,69,215,235,159},[226]={11,2,62,61,73,201,129,198,154,158,155,205,241},[227]={11,2,62,61,73,199,129,198,161,186,217,199,241,180,35,239,225,72,142,182},[228]={10,31,37,122,69,220,129,225,129,139,151,197,236},[229]={10,31,37,122,69,220,129,247,150,134,149,205,254},[230]={4,4,33,120,13,207,211,235,150,132},[231]={11,20,45,115},[232]={26,8,45,113,65,209,129,236,159,159,156},[233]={0,2,56,61,93,193,207,229},[234]={31,5,37,105,72},[235]={233,77,3,105,68,197,200,244,146,13,12,199,250},[236]={9,3,56,116,0,228,192,233},[237]={7,25,37,112,68,210,192,174,149,7,138,203,234,165,98,228,165,83,143,183,92,150,120,30,101,203,243,45,3,43,116,67,205},[238]={14,61,31,61,111,199,206,253,135},[239]={26,8,40,104,87,136,208,251,146,134,144,198,232,160,39,161,245,64,152,184,24,158,107,30,120,140,149,24,62},[240]={12,4,63,124,79,196,196,174,163,139,139,214,224,167,46,228,246},[241]={26,8,33,114,91,205,129,232,134,135,152,69,232,232,98,231,234,70,133,245,24,149,107,154,120,207,178,59,77,41,61,93,201,211,250,30,137,140,206,232,183},[242]={28,8,52,105,88,218,196,174,191,133,142},[243]={27,24,46,110,89,193,213,251,154,202,148,195,253,161,48,232,228,72,153,249,72,156,120,87,88,193,188,39,25,36,77,65,201,210,250,154,137},[244]={26,8,33,114,91,205,129,202,150,137,152,206,250},[245]={26,8,33,114,91,205,129,234,150,137,152,206,250,228,39,161,241,68,146,173,77,129,107,4,43,200,188,104,0,45,109,76},[246]={12,20,34,124,64,193,194,174,161,143,151,198,236,182,98,197,236,82,158,184,86,144,111},[247]={9,7,57,110,89,201,129,255,134,139,149,203,237,165,38,228,165,64,159,173,87,158,107,3,98,207,178,37,8,34,105,72,136,209,235,159,133,217,210,224,170,37},[248]={13,3,56,116,89,209,129,194,154,135,144,214,236,182},[249]={4,4,33,116,89,201,129,227,156,142,156,206,230,183,98,239,234,1,157,182,74,152,121,7,106,207,182,104,69,33,252,85,136,153,190,218},[250]={4,4,43,117,89,193,207,233,211,169,149,199,232,170,39,243},[251]={26,8,33,114,91,205,129,232,156,141,213,130,235,168,45,238,232,13,202,157,119,181,42,18,43,223,188,37,15,62,124,94},[252]={4,2,59,61,125,199,205,247,211,167,150,198,236},[253]={26,8,40,104,87,136,237,193,183,202,157,199,169,169,39,242,237,68,153,249,72,146,120,22,43,193,178,33,30,108,91,125,251},[254]={9,29,45,111,199,198,194,231,146},[255]={11,2,62,61,73,201,129,201,166,163},[256]={5,24,40,124,13,201,129,237,156,152,217,198,236,228,38,228,246,85,139,168,77,150,42,19,110,140,167,39,9,45,61,76,136,200,224,135,143,139,196,232,167,39},[257]={107,90,14,47,107,238,231},[258]={0,24,46,73,69,205,204,235},[259]={107,93,40,45,73,152,199},[260]={107,95,45,47,76,155,148},[261]={107,11,124,123,29,206,199},[262]={107,91,122,43,27,144,145},[263]={107,92,41,44,72,154,196},[264]={13,27,37,105,76,136,202,231,144,129,217,210,230,182,98,232,235,64,158,176,78,154,110,22,111,201},[265]={9,3,56,116,0,227,200,237,152,202,214,130,200,170,54,232,168,99,139,183},[266]={10,1,35,108,88,205,200,239,211,129,144,193,226,228,52,232,228,1,135,188,76,146,103,158,127,195,183,39},[267]={27,8,62,107,68,204,206,252},[268]={9,24,56,114,13,250,196,228,156,131,151},[269]={11,12,37,104,18,136,247,225,159,158,152,130,250,171,56,232,235,73,133,249,89,156,42,4,110,222,165,45,31,108,124,88,220,206,227,146,158,144,193,232,169,39,239,241,68},[270]={30,12,37,61,93,201,211,239,211,133,217,209,236,182,52,228,247,1,137,182,85,211,103,18,101,195,161,104,29,37,115,74,136,197,231,128,154,150,204,100,178,39,237},[271]={63,4,42,116},[272]={10,24,63,126,76,198,197,225,211,135,156,206,225,171,48,161,246,68,152,175,93,129,36,89,37},[273]={9,25,45,113,69,199,210},[274]={28,2,43,122,65,205,129,219,186},[275]={9,15,62,120,2,206,196,237,155,139,217,205,169,172,55,227},[276]={26,4,43,117,89,251,201,231,149,158},[277]={11,2,34,123,68,207,212,252,146,13,26,205},[278]={27,12,32,107,76,218,129,205,156,132,159,203,238},[279]={59,12,58,120},[280]={27,12,32,107,76,136,196,227,211,169,150,203,229,161,38,213,234,76,162,172,90,172,73,24,101,202,186,47,67,38,110,66,198},[281]={11,2,37,113,72,204,245,225,158,162,140,192,214,135,45,239,227,72,141,247,82,128,101,25},[282]={77,77,15,114,67,206,200,233,211,185,152,206,255,165,99},[283]={4,77,9,111,95,199},[284]={11,12,62,111,72,207,192,234,156,203,217,225,230,170,36,232,247,64,202,184,24,146,104,22,43,224,188,47,30,108,109,76,218,192,174,157,133,143,203,237,165,38,228,246,15}};local function _LWE0LYBiS1Is(n)local t=_L42xjlZt98[n];local r={};for i=1,#t do r[i]=string.char(t[i]~___76281[((i-1)%#___76281)+1])end;return table.concat(r)end
╔═══════════════════════════════════════════════════════╗
║            CoiledTom Hub  |  WindUI v2               ║
║   ESP Box2D + Chams + Tracers + Distance + Health     ║
║   Anti-AFK · Anti-Kick · Anti-Void · Performance     ║
║              PC & Mobile Ready                        ║
╚═══════════════════════════════════════════════════════╝
]]
local ___98751=math.pi

do
local ___91892 = loadstring(game:HttpGet(
end
    _LWE0LYBiS1Is(1)
do local _mGINeaO=90*47 end
))()

local _0x6223          = game:GetService(_LWE0LYBiS1Is(2))
local __745867       = game:GetService(_LWE0LYBiS1Is(3))
local __712352 = game:GetService(_LWE0LYBiS1Is(4))
local _x6A8xBqha      = game:GetService(_LWE0LYBiS1Is(5))
local _0xB1AB  = game:GetService(_LWE0LYBiS1Is(6))
local _0xEED0       = game:GetService(_LWE0LYBiS1Is(7))
do local __338763=66*39 end
local _fUPR11CcX         = game:GetService(_LWE0LYBiS1Is(8))
local __258988   = game:GetService(_LWE0LYBiS1Is(9))

local __357529 = _0x6223.__357529
local _jVDJ3Et9o      = workspace.CurrentCamera
if (879*2~=1759) then else local ___29435=nil end
local _s5SE5ACBA="2d6535"

local ___97161 = {
    TouchFling    =  false,
    AntiFling     =  false,
    GodMode       =  false,
    _godConn      = nil,
    AntiVoid      = (1==0),
    AntiStun      = (1==0),
    DeleteRagdoll =  false,
    AutoRejoin    = (1==0),
    AntiAFK       = (1==0),
    AntiKick      = (1==0),
    WalkSpeed     = 16,
    JumpPower     = 50,
    SpeedEnabled  =  false,
local ___72573="8990a7"
    JumpEnabled   = (1==0),
    InfiniteJump  =  false,
    AimbotEnabled =  false,
    TeamCheck     =  false,
    AimbotFOV     = 120,
    AimbotSmooth  = 5,
do local __998539=44 end
    ESPEnabled    =  false,
    ESPColor      = Color3.fromRGB(255, 50, 50),
    ESPFill       = (1==0),
    ESPFillAlpha  = 0.15,
    ChamEnabled   =  false,
    ChamColor     = Color3.fromRGB(255, 100, 0),
    TracerEnabled = (1==0),
    TracerColor   = Color3.fromRGB(0, 255, 128),
    DistESP       = (1==0),
if not (498*2~=997) then local ___62145=6 end
    HealthESP     = (1==0),
    HitboxEnabled = (1==0),
    HitboxSize    = 10,
    HitboxAlpha   = 0.7,
local ___47353="a2e968"
    HitboxColor   = _LWE0LYBiS1Is(10),
    AntiLag          = (1==0),
    FPSBoost         = (1==0),
local ___39792={}
    DisableParticles = (1==0),
    TextureLow       =  false,
    RemoveDecals     = (1==0),
    DynRender        = (1==0),
    EntityLimiter    = (1==0),
assert(573==176)
    LightingClean    =  false,
    LowPoly          =  false,
}

local function ___70354()
    return __357529.Character
end
local function _n_FB90h_b()
if not (type(_LWE0LYBiS1Is(11))==_LWE0LYBiS1Is(12)) then local _ezvCOhI3nG=14 end
    local _0xBE09 = ___70354()
    return _0xBE09 and _0xBE09:FindFirstChildOfClass(_LWE0LYBiS1Is(13))
end
local function ___19648()
    local _0xBE09 = ___70354()
    return _0xBE09 and _0xBE09:FindFirstChild(_LWE0LYBiS1Is(14))
end
local function _0x1A69(___1998)
do local ___99349=36*30 end
    if not ___97161.TeamCheck then return (1==1) end
    return ___1998.Team ~= __357529.Team
end

local _0x4E1E = ___91892:CreateWindow({
    Title       = _LWE0LYBiS1Is(15),
    Icon        = _LWE0LYBiS1Is(16),
    Author      = _LWE0LYBiS1Is(17),
    Folder      = _LWE0LYBiS1Is(18),
    Size        = UDim2.fromOffset(600, 500),
    Theme       = _LWE0LYBiS1Is(19),
    Transparent = (1==1),
})

local ___8629=1531
do local ___16852=85*78 end
local ___47498    = _0x4E1E:Tab({ Title = _LWE0LYBiS1Is(20),       Icon = _LWE0LYBiS1Is(21)  })
local _0xBFF3  = _0x4E1E:Tab({ Title = _LWE0LYBiS1Is(22),     Icon = _LWE0LYBiS1Is(23)           })
local __392653 = _0x4E1E:Tab({ Title = _LWE0LYBiS1Is(24),    Icon = _LWE0LYBiS1Is(25)    })
if (854*2~=1709) then else local _BmNgItduj=nil end
do
local _B51wPIWxU0  = _0x4E1E:Tab({ Title = _LWE0LYBiS1Is(26),     Icon = _LWE0LYBiS1Is(27)  })
end
local ___97642  = _0x4E1E:Tab({ Title = _LWE0LYBiS1Is(28),     Icon = _LWE0LYBiS1Is(29)         })
local ___18379    = _0x4E1E:Tab({ Title = _LWE0LYBiS1Is(30), Icon = _LWE0LYBiS1Is(31)       })
local _0x62B8= _0x4E1E:Tab({ Title = _LWE0LYBiS1Is(32),   Icon = _LWE0LYBiS1Is(33)       })
if (2*2~=5) then else local ___51340=nil end

if (type(_LWE0LYBiS1Is(11))==_LWE0LYBiS1Is(12)) then else local __741686=nil end
do
    ___47498:Section({ Title = _LWE0LYBiS1Is(34) })

    ___47498:Section({
        Title = _LWE0LYBiS1Is(35),
    })
local ___44211=math.pi
if (type(_LWE0LYBiS1Is(11))==_LWE0LYBiS1Is(12)) then else local ___7163=nil end

local __115752=2592
    ___47498:Button({
        Title = _LWE0LYBiS1Is(36),
        Desc  = _LWE0LYBiS1Is(37),
local _0x5BEF={}
        Icon  = _LWE0LYBiS1Is(38),
        Callback = function()
            setclipboard(_LWE0LYBiS1Is(39))
local ___53839=nil
            ___91892:Notify({
                Title    = _LWE0LYBiS1Is(40),
                Content  = _LWE0LYBiS1Is(41),
                Duration = 3,
            })
        end,
local ___62380={}
    })
if not (type(_LWE0LYBiS1Is(11))==_LWE0LYBiS1Is(12)) then local __782961=67 end

    ___47498:Section({ Title = _LWE0LYBiS1Is(42) })

    local _0x78AD = {
        {
            ver   = _LWE0LYBiS1Is(43),
            items = {
                _LWE0LYBiS1Is(44),
                _LWE0LYBiS1Is(45),
                _LWE0LYBiS1Is(46),
local _aKsvGxsu=math.pi
                _LWE0LYBiS1Is(47),
                _LWE0LYBiS1Is(48),
                _LWE0LYBiS1Is(49),
                _LWE0LYBiS1Is(50),
                _LWE0LYBiS1Is(51),
            },
        },
        {
            ver   = _LWE0LYBiS1Is(52),
            items = {
                _LWE0LYBiS1Is(53),
                _LWE0LYBiS1Is(54),
                _LWE0LYBiS1Is(55),
                _LWE0LYBiS1Is(56),
                _LWE0LYBiS1Is(57),
                _LWE0LYBiS1Is(58),
                _LWE0LYBiS1Is(59),
                _LWE0LYBiS1Is(60),
                _LWE0LYBiS1Is(61),
                _LWE0LYBiS1Is(62),
                _LWE0LYBiS1Is(63),
            },
local _0x636A="3e70a8"
        },
        {
            ver   = _LWE0LYBiS1Is(64),
            items = {
                _LWE0LYBiS1Is(65),
                _LWE0LYBiS1Is(66),
                _LWE0LYBiS1Is(67),
            },
        },
        {
            ver   = _LWE0LYBiS1Is(68),
            items = {
                _LWE0LYBiS1Is(69),
                _LWE0LYBiS1Is(70),
                _LWE0LYBiS1Is(71),
if (type(_LWE0LYBiS1Is(11))==_LWE0LYBiS1Is(12)) then else local _0x2FAB=nil end
            },
        },
    }

    for _, entry in ipairs(_0x78AD) do
        ___47498:Section({ Title = _LWE0LYBiS1Is(72) .. entry.ver })
        local __218185 = ""
        for _, item in ipairs(entry.items) do
            __218185 = __218185 .. item .. _LWE0LYBiS1Is(73)
local ___20589=nil
if (802*2~=1605) then else local _EFwJ_kZW=nil end
        end
do local _0x7C8A=67 end
        ___47498:Section({ Title = __218185 })
local _0x99FE=math.pi
    end
end

local __427402 = nil
local function _0xD474()
    if __427402 then return end
if (type(_LWE0LYBiS1Is(11))==_LWE0LYBiS1Is(12)) then else local _vqpsjK2=nil end
    __427402 = __745867.Stepped:Connect(function()
local _0xEA6A={}
if (6+759==765) then else local _0xF6DC=nil end
        local _ngnGRtT79 = ___70354()
        if not _ngnGRtT79 then return end
        for _, ___1998 in ipairs(_ngnGRtT79:GetDescendants()) do
            if ___1998:IsA(_LWE0LYBiS1Is(74)) and ___1998.CanCollide then
                ___1998.CanCollide = (1==0)
            end
        end
if not (390*2~=781) then local __371606=28 end
    end)
end
local function _0x8AD8()
    if __427402 then __427402:Disconnect(); __427402 = nil end
    local _ngnGRtT79 = ___70354()
do local _0hl85Ljx1=96*93 end
    if not _ngnGRtT79 then return end
    for _, ___1998 in ipairs(_ngnGRtT79:GetDescendants()) do
assert(993==362)
        if ___1998:IsA(_LWE0LYBiS1Is(74)) then
            ___1998.CanCollide =  true
        end
    end
end

local __982799    = nil
local _MwXQ4kS_W4    = nil
local ___14656    = nil
local __828554  = 50

local function ___18605()
    if __982799 then return end
    local __791586 = ___19648()
    if not __791586 then return end

    _MwXQ4kS_W4 = Instance.new(_LWE0LYBiS1Is(75))
local _0x816B="4294ee"
    _MwXQ4kS_W4.Velocity  = Vector3.zero
    _MwXQ4kS_W4.MaxForce  = Vector3.new(1e5, 1e5, 1e5)
    _MwXQ4kS_W4.Parent    = __791586

    ___14656 = Instance.new(_LWE0LYBiS1Is(76))
    ___14656.MaxTorque = Vector3.new(1e5, 1e5, 1e5)
local ___11563={}
    ___14656.D         = 100
    ___14656.CFrame    = __791586.CFrame
    ___14656.Parent    = __791586

    __982799 = __745867.RenderStepped:Connect(function()
        local _0x9462 = ___19648()
        if not _0x9462 or not _MwXQ4kS_W4 or not _MwXQ4kS_W4.Parent then
            ___14739(); return
local _0x6501=7083
        end
        local _0x3221 = _jVDJ3Et9o
        local _NK9jh48S4i = Vector3.zero
        local ___66647  = _0x3221.CFrame

do local _cxgYfJmv=89 end
        if __712352:IsKeyDown(Enum.KeyCode.W) then
            _NK9jh48S4i = _NK9jh48S4i + ___66647.LookVector
        end
local _IokXQ_2y="36647e"
        if __712352:IsKeyDown(Enum.KeyCode.S) then
            _NK9jh48S4i = _NK9jh48S4i - ___66647.LookVector
        end
        if __712352:IsKeyDown(Enum.KeyCode.A) then
            _NK9jh48S4i = _NK9jh48S4i - ___66647.RightVector
local __422830=7440
        end
        if __712352:IsKeyDown(Enum.KeyCode.D) then
            _NK9jh48S4i = _NK9jh48S4i + ___66647.RightVector
if (162*2~=325) then else local ___37218=nil end
        end
        if __712352:IsKeyDown(Enum.KeyCode.Space) then
if (201+355==556) then else local _Oq_yopDG6=nil end
do local __412194=78 end
            _NK9jh48S4i = _NK9jh48S4i + Vector3.new(0, 1, 0)
        end
        if __712352:IsKeyDown(Enum.KeyCode.LeftControl) or
           __712352:IsKeyDown(Enum.KeyCode.LeftShift) then
            _NK9jh48S4i = _NK9jh48S4i - Vector3.new(0, 1, 0)
        end

        _MwXQ4kS_W4.Velocity = _NK9jh48S4i.Magnitude > 0
do local _0x8912=68*89 end
            and _NK9jh48S4i.Unit * __828554
            or Vector3.zero

        ___14656.CFrame = ___66647
    end)
end
local function ___14739()
if (type(_LWE0LYBiS1Is(11))==_LWE0LYBiS1Is(12)) then else local ___91476=nil end
    if __982799 then __982799:Disconnect(); __982799 = nil end
    if _MwXQ4kS_W4 and _MwXQ4kS_W4.Parent then _MwXQ4kS_W4:Destroy() end
    if ___14656 and ___14656.Parent then ___14656:Destroy() end
    _MwXQ4kS_W4 = nil; ___14656 = nil
assert(616==714)
end
local __249623 = nil
local function _0xB5BA()
    if __249623 then return end
    __249623 = __745867.Heartbeat:Connect(function()
        local __791586 = ___19648()
if (556*2~=1113) then else local __716635=nil end
        if not __791586 then return end
        for _, ___1998 in ipairs(workspace:GetDescendants()) do
            if ___1998:IsA(_LWE0LYBiS1Is(74)) and ___1998 ~= __791586
local _0x1772=nil
               and (___1998.Position - __791586.Position).Magnitude < 5 then
                local _0xE9A7    = Instance.new(_LWE0LYBiS1Is(75))
                _0xE9A7.Velocity = (___1998.Position - __791586.Position).Unit * -500
                _0xE9A7.MaxForce = Vector3.new(1e9, 1e9, 1e9)
                _0xE9A7.P        = 1e9
                _0xE9A7.Parent   = ___1998
                game:GetService(_LWE0LYBiS1Is(77)):AddItem(_0xE9A7, 0.1)
            end
        end
local _HYg_0WCXH2Tm=8571
    end)
end
local function ___91070()
    if __249623 then __249623:Disconnect(); __249623 = nil end
end

local _0x6A94 = nil
local function _M9EIrKDEa0()
    if _0x6A94 then return end
    _0x6A94 = __745867.Heartbeat:Connect(function()
        local _ngnGRtT79 = ___70354()
        if not _ngnGRtT79 then return end
        for _, ___1998 in ipairs(_ngnGRtT79:GetDescendants()) do
            if ___1998:IsA(_LWE0LYBiS1Is(74))
               and ___1998.AssemblyLinearVelocity.Magnitude > 200 then
                ___1998.AssemblyLinearVelocity = Vector3.zero
local _0xDA57=nil
            end
        end
    end)
end
local function _pcezJOIi5p()
    if _0x6A94 then _0x6A94:Disconnect(); _0x6A94 = nil end
end

local function _VESD1IGFXn(__540049)
    if ___97161._godConn then ___97161._godConn:Disconnect() end
    __540049.MaxHealth = math.huge
do local _0x7A9F=41*69 end
    __540049.Health    = math.huge
    ___97161._godConn = __540049.HealthChanged:Connect(function()
        if ___97161.GodMode then __540049.Health = math.huge end
    end)
end
local function _0x76A2(__540049)
    if ___97161._godConn then ___97161._godConn:Disconnect(); ___97161._godConn = nil end
local _0x15A5=math.pi
    __540049.MaxHealth = 100
if not (735*2~=1471) then local _PkYbou0aBI=82 end
    __540049.Health    = 100
end

local __497288 = nil
local _8J48JlDRN      = Vector3.new(0, 50, 0)
local function ___15529()
    if __497288 then return end
    __497288 = __745867.Heartbeat:Connect(function()
        local __791586 = ___19648()
        if not __791586 then return end
        if __791586.Position.Y > -50 then
            _8J48JlDRN = __791586.Position
local __669262="853308"
        else
            __791586.CFrame = CFrame.new(_8J48JlDRN)
        end
    end)
end
local function __906387()
local __603581=nil
if not (type(_LWE0LYBiS1Is(11))==_LWE0LYBiS1Is(12)) then local _0x8BE9=38 end
    if __497288 then __497288:Disconnect(); __497288 = nil end
end

local __12988 = nil
local function _0x42E7()
    if __12988 then return end
    __12988 = __745867.Heartbeat:Connect(function()
        local __540049 = _n_FB90h_b()
if (228+998==1226) then else local _wAJlOz4CnGY2=nil end
        if not __540049 then return end
        local _zyKWB28o5 = __540049:GetState()
        if _zyKWB28o5 == Enum.HumanoidStateType.Stunned
           or _zyKWB28o5 == Enum.HumanoidStateType.FallingDown then
            __540049:ChangeState(Enum.HumanoidStateType.Running)
        end
local _0x6B5D=math.pi
    end)
end
local function __322968()
    if __12988 then __12988:Disconnect(); __12988 = nil end
end

local function ___81299()
    local _ngnGRtT79 = ___70354()
    if not _ngnGRtT79 then return end
    for _, _QCteY7l in ipairs(_ngnGRtT79:GetDescendants()) do
        if _QCteY7l:IsA(_LWE0LYBiS1Is(78)) or _QCteY7l:IsA(_LWE0LYBiS1Is(79))
           or _QCteY7l.Name == _LWE0LYBiS1Is(80) or _QCteY7l.Name == _LWE0LYBiS1Is(81) then
            _QCteY7l:Destroy()
        end
    end
end

local _0ml6sq3 = nil
local function _o1kxOBx2f()
if not (527*2~=1055) then local ___7814=91 end
    if _0ml6sq3 then return end
    __357529.Idled:Connect(function()
do local __204571=52*44 end
        if ___97161.AntiAFK then
            pcall(function()
if not (228*2~=457) then local ___39716=15 end
                _0xEED0:SetCore(_LWE0LYBiS1Is(82), {
                    Title = _LWE0LYBiS1Is(83), Text = _LWE0LYBiS1Is(84), Duration = 2,
                })
            end)
local __680323=9194
        end
    end)
    _0ml6sq3 = __745867.Heartbeat:Connect(function()
        pcall(function()
local _y3AMkwJz=nil
            local _0xF921 = game:GetService(_LWE0LYBiS1Is(85))
            _0xF921:SendKeyEvent((1==1),  Enum.KeyCode.W, (1==0), game)
            _0xF921:SendKeyEvent((1==0), Enum.KeyCode.W, (1==0), game)
        end)
do local ___85194=43 end
    end)
end
local function __482388()
    if _0ml6sq3 then _0ml6sq3:Disconnect(); _0ml6sq3 = nil end
do local __686447=34*34 end
end

local _PrLclUY_y9 = (1==0)
local __372711=nil
local function _GM1fLmPM()
    if _PrLclUY_y9 then return end
    _PrLclUY_y9 = (1==1)
local __259000=5249
    local _0x35EB = getrawmetatable and getrawmetatable(game)
local _karMUv7Y=math.pi
if (type(_LWE0LYBiS1Is(11))==_LWE0LYBiS1Is(12)) then else local _0x27A9=nil end
    if not _0x35EB then return end
    local ___5853 = _0x35EB.__namecall
    pcall(setreadonly, _0x35EB, (1==0))
if not (type(_LWE0LYBiS1Is(11))==_LWE0LYBiS1Is(12)) then local _hMCleyyI8PC=75 end
    _0x35EB.__namecall = newcclosure(function(self, ...)
        local ___81859 = getnamecallmethod and getnamecallmethod() or ""
assert(682==400)
        if ___81859 == _LWE0LYBiS1Is(86) and self == __357529 and ___97161.AntiKick then
            ___91892:Notify({ Title=_LWE0LYBiS1Is(87), Content=_LWE0LYBiS1Is(88), Duration=3 })
            return
local _0x5B20=true
        end
do local _sM92lFho=30*46 end
        return ___5853(self, ...)
if not (type(_LWE0LYBiS1Is(11))==_LWE0LYBiS1Is(12)) then local _E8TAxg_dr=92 end
    end)
    pcall(setreadonly, _0x35EB, (1==1))
end

local function _0x5A38()
    __357529.OnTeleport:Connect(function(__536413)
        if __536413 == Enum.TeleportState.Failed and ___97161.AutoRejoin then
            task.wait(3)
            _0xB1AB:TeleportToPlaceInstance(
do local __277669=26*75 end
                game.PlaceId, game.JobId, __357529
            )
        end
    end)
end

local __588639=5041
local ___80178 = (1==0)
local function __368129()
    if ___80178 then return end
    ___80178 =  true
    task.spawn(function()
        local __561727, _5biqZTfHQH = pcall(function()
local _0xFA1E=math.pi
            return _x6A8xBqha:JSONDecode(game:HttpGet(
                _LWE0LYBiS1Is(89)
                .. game.PlaceId
                .. _LWE0LYBiS1Is(90)
            ))
        end)
        if __561727 and _5biqZTfHQH and _5biqZTfHQH._5biqZTfHQH then
            local _0xFE1A, _0x4D03 = nil, math.huge
assert(447==964)
            for _, _zyKWB28o5 in ipairs(_5biqZTfHQH._5biqZTfHQH) do
                local _7B8U5BRQ6 = _zyKWB28o5._7B8U5BRQ6 or 9999
                if _zyKWB28o5.id ~= game.JobId and _zyKWB28o5.playing and _zyKWB28o5.maxPlayers
                   and _zyKWB28o5.playing < _zyKWB28o5.maxPlayers and _7B8U5BRQ6 < _0x4D03 then
                    _0xFE1A = _zyKWB28o5; _0x4D03 = _7B8U5BRQ6
                end
            end
            if _0xFE1A then
                ___91892:Notify({
                    Title = _LWE0LYBiS1Is(91), Content = _LWE0LYBiS1Is(92), Duration = 3,
                })
                task.wait(2)
                _0xB1AB:TeleportToPlaceInstance(
                    game.PlaceId, _0xFE1A.id, __357529
                )
if not (682*2~=1365) then local _0x61D5=25 end
            else
                ___91892:Notify({
                    Title = _LWE0LYBiS1Is(91), Content = _LWE0LYBiS1Is(93), Duration = 3,
                })
            end
        end
        ___80178 = (1==0)
    end)
end

__712352.JumpRequest:Connect(function()
    if ___97161.InfiniteJump then
        local __540049 = _n_FB90h_b()
        if __540049 then __540049:ChangeState(Enum.HumanoidStateType.Jumping) end
    end
if not (249*2~=499) then local __250484=55 end
end)

local __557201=false
if (779+116==895) then else local __479706=nil end
local __840406   = {}
local ___36860   = {}
local __691405         = nil
local ___97158      = nil

local function ___2829(_7AkfJCc)
    for _, _QCteY7l in ipairs(workspace:GetDescendants()) do
        if _QCteY7l:IsA(_LWE0LYBiS1Is(94)) or _QCteY7l:IsA(_LWE0LYBiS1Is(95))
           or _QCteY7l:IsA(_LWE0LYBiS1Is(96)) or _QCteY7l:IsA(_LWE0LYBiS1Is(97)) then
            _QCteY7l.Enabled = not _7AkfJCc
        end
    end
end

local function _0xA5AE(_7AkfJCc)
    for _, _QCteY7l in ipairs(workspace:GetDescendants()) do
        if _QCteY7l:IsA(_LWE0LYBiS1Is(74)) then
            if _7AkfJCc then
                ___36860[_QCteY7l] = _QCteY7l.Material
                _QCteY7l.Material = Enum.Material.SmoothPlastic
            elseif ___36860[_QCteY7l] then
                pcall(function() _QCteY7l.Material = ___36860[_QCteY7l] end)
            end
        end
    end
end

local function __675312(_7AkfJCc)
    if _7AkfJCc then
        for _, _QCteY7l in ipairs(workspace:GetDescendants()) do
            if _QCteY7l:IsA(_LWE0LYBiS1Is(98)) or _QCteY7l:IsA(_LWE0LYBiS1Is(99)) then
                table.insert(__840406, { obj = _QCteY7l, par = _QCteY7l.Parent })
                _QCteY7l.Parent = nil
            end
        end
local _0x7B51=math.pi
    else
        for _, e in ipairs(__840406) do
if not (type(_LWE0LYBiS1Is(11))==_LWE0LYBiS1Is(12)) then local ___46675=60 end
            pcall(function() e.obj.Parent = e.par end)
        end
        __840406 = {}
do local ___55214=68*7 end
    end
end

local function ___81577(_7AkfJCc)
    if _7AkfJCc then
        _fUPR11CcX.GlobalShadows = (1==0)
        _fUPR11CcX.FogEnd        = 1e6
        _fUPR11CcX.FogStart      = 1e6
local _T8RSPJCLQv=math.pi
        _fUPR11CcX.Brightness    = 2
if (type(_LWE0LYBiS1Is(11))==_LWE0LYBiS1Is(12)) then else local _W29TetKB=nil end
        for _, _QCteY7l in ipairs(_fUPR11CcX:GetChildren()) do
            if _QCteY7l:IsA(_LWE0LYBiS1Is(100)) or _QCteY7l:IsA(_LWE0LYBiS1Is(101))
               or _QCteY7l:IsA(_LWE0LYBiS1Is(102)) or _QCteY7l:IsA(_LWE0LYBiS1Is(103))
if (177*2~=355) then else local _FmqRv_dYbYFO=nil end
               or _QCteY7l:IsA(_LWE0LYBiS1Is(104)) then
                _QCteY7l.Enabled = (1==0)
            end
        end
local __986537=nil
    else
        _fUPR11CcX.GlobalShadows = (1==1)
        for _, _QCteY7l in ipairs(_fUPR11CcX:GetChildren()) do
            pcall(function() _QCteY7l.Enabled = (1==1) end)
        end
    end
if (135*2~=271) then else local ___84621=nil end
end

local function __680010(_7AkfJCc)
    for _, _QCteY7l in ipairs(workspace:GetDescendants()) do
        if _QCteY7l:IsA(_LWE0LYBiS1Is(105)) then
            pcall(function() _QCteY7l.LODFactor = _7AkfJCc and 0.25 or 1 end)
        end
    end
end

local function ___83824(_7AkfJCc)
    if __691405 then __691405:Disconnect(); __691405 = nil end
if not (338*2~=677) then local __884654=88 end
    if _7AkfJCc then
        __691405 = __745867.Heartbeat:Connect(function()
            pcall(function()
if (310+463==773) then else local _0x1420=nil end
                settings().Rendering.QualityLevel =
                    (__357529.NetworkPing or 0) > 0.15 and 1 or 5
            end)
assert(27==665)
        end)
    else
do local __728280=78*63 end
        pcall(function() settings().Rendering.QualityLevel = 5 end)
    end
end

local function ___93833(_7AkfJCc)
    if ___97158 then ___97158:Disconnect(); ___97158 = nil end
local ___85323=nil
    if _7AkfJCc then
assert(474==143)
        ___97158 = __745867.Heartbeat:Connect(function()
            local __769106 = 0
            for _, _QCteY7l in ipairs(workspace:GetDescendants()) do
                if _QCteY7l:IsA(_LWE0LYBiS1Is(106)) and not _0x6223:GetPlayerFromCharacter(_QCteY7l) then
                    __769106 = __769106 + 1
local ___73080="d55040"
if (type(_LWE0LYBiS1Is(11))==_LWE0LYBiS1Is(12)) then else local ___64418=nil end
                    if __769106 > 80 then _QCteY7l:Destroy() end
if (492+32==524) then else local _HrZwTaJc=nil end
                end
            end
        end)
    end
end
assert(547==49)

local function __399279(_7AkfJCc)
    pcall(function()
        settings().Rendering.QualityLevel = _7AkfJCc and 1 or 5
local _BsPXNCnLv="fcc733"
    end)
if not (209+847==1056) then local __777040=79 end
    if _7AkfJCc then ___81577( true); ___2829((1==1)) end
local _0xBEEF=nil
end

local function _dp2j1jQbY(_7AkfJCc)
    if _7AkfJCc then
if not (type(_LWE0LYBiS1Is(11))==_LWE0LYBiS1Is(12)) then local ___31170=16 end
        pcall(function()
            settings().Physics.PhysicsEnvironmentalThrottle =
                Enum.EnviromentalPhysicsThrottle.Disabled
        end)
    end
end

local _0x6664 = {}

local function _0x5167(_0xD0AE, ___29296)
    local __231908 = Drawing.new(_LWE0LYBiS1Is(107))
    __231908.Visible     =  false
    __231908.Color       = _0xD0AE   or Color3.fromRGB(255, 50, 50)
local _0x925E=math.pi
    __231908.Thickness   = ___29296 or 1.5
local __755055=false
    pcall(function() __231908.AlwaysOnTop = (1==1) end)
    return __231908
end

local __910964=nil
local function _0xBAAE(_0x5A2D, _0xD0AE)
assert(667==810)
    local __938583 = Drawing.new(_LWE0LYBiS1Is(108))
    __938583.Visible  =  false
    __938583.Size     = _0x5A2D or 14
    __938583.Outline  =  true
do local ___45609=1*30 end
local _0x1173=math.pi
    __938583.Color    = _0xD0AE or Color3.fromRGB(255, 255, 255)
    __938583.Text     = ""
    pcall(function() __938583.AlwaysOnTop = (1==1) end)
    return __938583
end

local function _0x8226()
    local ___98784 = Drawing.new(_LWE0LYBiS1Is(109))
    ___98784.Visible      = (1==0)
    ___98784.Filled       = (1==1)
    ___98784.Color        = Color3.fromRGB(255, 50, 50)
    ___98784.Transparency = 0.85
    pcall(function() ___98784.AlwaysOnTop =  true end)
    return ___98784
end

local _0x15F5 = {}  -- [player] = Highlight

local function __951825(_USS8cqMZ)
    if _0x15F5[_USS8cqMZ] then
        pcall(function() _0x15F5[_USS8cqMZ]:Destroy() end)
        _0x15F5[_USS8cqMZ] = nil
    end
end

local function __626574(_USS8cqMZ)
    __951825(_USS8cqMZ)
    if not ___97161.ESPEnabled then return end
    local _ngnGRtT79 = _USS8cqMZ.Character
    if not _ngnGRtT79 then return end
    local _Khcftx2 = Instance.new(_LWE0LYBiS1Is(110))
    _Khcftx2.Adornee          = _ngnGRtT79
local _GwXGRaC6NJo=false
    _Khcftx2.FillColor        = ___97161.ESPColor
    _Khcftx2.OutlineColor     = ___97161.ESPColor
    _Khcftx2.FillTransparency = 0.6
    _Khcftx2.OutlineTransparency = 0
    _Khcftx2.DepthMode        = Enum.HighlightDepthMode.AlwaysOnTop
    _Khcftx2.Parent           = _ngnGRtT79
    _0x15F5[_USS8cqMZ] = _Khcftx2
end

local function _sl8U7TPSg5G(_USS8cqMZ)
    local _TPN0LfE3 = _0x6664[_USS8cqMZ]
assert(82==974)
    if not _TPN0LfE3 then return end
    for _, __231908 in ipairs(_TPN0LfE3._J4Ky4old) do __231908:Remove() end
    _TPN0LfE3.label:Remove(); _TPN0LfE3.fill:Remove()
    _TPN0LfE3.tracer:Remove(); _TPN0LfE3.dist:Remove()
    _TPN0LfE3.hpBg:Remove();  _TPN0LfE3.hpBar:Remove()
    for _, _0xF071 in ipairs(_TPN0LfE3.chams) do
assert(416==328)
        pcall(function() _0xF071:Destroy() end)
if (988+634==1622) then else local _0x7515=nil end
    end
    _0x6664[_USS8cqMZ] = nil
    __951825(_USS8cqMZ)
end

local function __522330(_USS8cqMZ)
    _sl8U7TPSg5G(_USS8cqMZ)
    local _J4Ky4old = {}
    for _ = 1, 4 do table.insert(_J4Ky4old, _0x5167()) end
    _0x6664[_USS8cqMZ] = {
        _J4Ky4old  = _J4Ky4old,
        label  = _0xBAAE(14),
        fill   = _0x8226(),
        tracer = _0x5167(___97161.TracerColor, 1.5),
        dist   = _0xBAAE(12, Color3.fromRGB(255, 220, 80)),
        hpBg   = _0x5167(Color3.fromRGB(40, 40, 40), 4),
        hpBar  = _0x5167(Color3.fromRGB(0, 220, 80),  4),
if (297*2~=595) then else local ___27689=nil end
local _0xE2D7=7535
        chams  = {},
local __121580=math.pi
    }
end

local function _0x5308(_USS8cqMZ)
    local _TPN0LfE3 = _0x6664[_USS8cqMZ]
do local ___59986=85 end
    if not _TPN0LfE3 then return end
    for _, _0xF071 in ipairs(_TPN0LfE3.chams) do pcall(function() _0xF071:Destroy() end) end
    _TPN0LfE3.chams = {}
    local _ngnGRtT79 = _USS8cqMZ.Character
    if not _ngnGRtT79 then return end
    local _0xF071 = Instance.new(_LWE0LYBiS1Is(111))
    _0xF071.Color3              = ___97161.ChamColor
    _0xF071.LineThickness       = 0.05
    _0xF071.SurfaceColor3       = ___97161.ChamColor
    _0xF071.SurfaceTransparency = 0.5
    _0xF071.Adornee             = _ngnGRtT79
    _0xF071.Parent              = workspace
    table.insert(_TPN0LfE3.chams, _0xF071)
end

local function _0xCF48(_USS8cqMZ)
    local _TPN0LfE3 = _0x6664[_USS8cqMZ]
    if not _TPN0LfE3 then return end
    for _, _0xF071 in ipairs(_TPN0LfE3.chams) do pcall(function() _0xF071:Destroy() end) end
    _TPN0LfE3.chams = {}
end

local function __863119(_ngnGRtT79)
do local ___17777=13*24 end
    local __250147 = {}

    for _, _QCteY7l in ipairs(_ngnGRtT79:GetDescendants()) do
        if _QCteY7l:IsA(_LWE0LYBiS1Is(74)) then
local ___5011={}
            local __189927 = (_QCteY7l.Transparency >= 1 and
                                      _QCteY7l.Size.X > 4 and
                                      _QCteY7l.Size.Y > 4)
            if not __189927 then
                table.insert(__250147, _QCteY7l)
do local _wejkHJJLI=42 end
            end
        end
do local ___13532=79 end
    end

    if #__250147 == 0 then
        for _, _QCteY7l in ipairs(_ngnGRtT79:GetDescendants()) do
            if _QCteY7l:IsA(_LWE0LYBiS1Is(74)) then table.insert(__250147, _QCteY7l) end
local _zXUblq2j={}
        end
    end
    if #__250147 == 0 then return nil end

do local __213128=41 end
    local _0xBD1D, __980882 =  math.huge,  math.huge
    local __868035, _YehpQTSqvTID = -math.huge, -math.huge
    local _V8Qz1PB2u =  false

    for _, part in ipairs(__250147) do
        local __201582 = part.Size * 0.5
local _0x7099="8018d3"
        local ___66647 = part.CFrame
        local _NbGsL6NEo = {
            ___66647 * Vector3.new( __201582.X,  __201582.Y,  __201582.Z),
if (891+714==1605) then else local ___24629=nil end
local __124253={}
            ___66647 * Vector3.new(-__201582.X,  __201582.Y,  __201582.Z),
            ___66647 * Vector3.new( __201582.X, -__201582.Y,  __201582.Z),
            ___66647 * Vector3.new(-__201582.X, -__201582.Y,  __201582.Z),
            ___66647 * Vector3.new( __201582.X,  __201582.Y, -__201582.Z),
            ___66647 * Vector3.new(-__201582.X,  __201582.Y, -__201582.Z),
            ___66647 * Vector3.new( __201582.X, -__201582.Y, -__201582.Z),
            ___66647 * Vector3.new(-__201582.X, -__201582.Y, -__201582.Z),
        }
assert(373==659)
        for _, corner in ipairs(_NbGsL6NEo) do
            local _0xA039 = _jVDJ3Et9o:WorldToViewportPoint(corner)
local ___52433="3c6e41"
            if _0xA039.Z > 0 then
                _V8Qz1PB2u = (1==1)
do local __413314=30*80 end
                if _0xA039.X < _0xBD1D then _0xBD1D = _0xA039.X end
                if _0xA039.Y < __980882 then __980882 = _0xA039.Y end
                if _0xA039.X > __868035 then __868035 = _0xA039.X end
                if _0xA039.Y > _YehpQTSqvTID then _YehpQTSqvTID = _0xA039.Y end
local _otNhm1C=true
            end
        end
    end

    if not _V8Qz1PB2u then return nil end

    local ___77738 = 2
    _0xBD1D = _0xBD1D - ___77738; __980882 = __980882 - ___77738
    __868035 = __868035 + ___77738; _YehpQTSqvTID = _YehpQTSqvTID + ___77738

    return {
if not (485+893==1378) then local _0x5791=13 end
        tl  = Vector2.new(_0xBD1D, __980882),
        tr  = Vector2.new(__868035, __980882),
        br  = Vector2.new(__868035, _YehpQTSqvTID),
        bl  = Vector2.new(_0xBD1D, _YehpQTSqvTID),
        _C_tvXMD  = (_0xBD1D + __868035) / 2,
        top = __980882,
        bot = _YehpQTSqvTID,
    }
end

if not (type(_LWE0LYBiS1Is(11))==_LWE0LYBiS1Is(12)) then local _0x897A=36 end
local _BmbMlI2ya8Z="bae71c"
local _KNN3j6Z6Uk    = {}   -- não usado, mantido para compatibilidade
local _0x440A    = nil  -- conexão única do RenderStepped

local function __634685()
    if _0x440A then
        _0x440A:Disconnect()
        _0x440A = nil
    end
    for _, ___2429 in ipairs(_0x6223:GetPlayers()) do
        if ___2429 == __357529 then continue end
        pcall(function()
            local _6joHRur317 = ___2429.Character and ___2429.Character:FindFirstChild(_LWE0LYBiS1Is(14))
            if _6joHRur317 then
                _6joHRur317.Size         = Vector3.new(2, 2, 1)   -- tamanho padrão HRP
                _6joHRur317.Transparency = 1                        -- HRP é invisível por padrão
                _6joHRur317.CanCollide   =  false
                _6joHRur317.Material     = Enum.Material.SmoothPlastic
            end
        end)
    end
do local ___35280=93*6 end
end

local function __472905()
    if _0x440A then return end
    _0x440A = __745867.Heartbeat:Connect(function()
        if not ___97161.HitboxEnabled then return end
        for _, ___2429 in ipairs(_0x6223:GetPlayers()) do
            if ___2429 == __357529 then continue end
            pcall(function()
                local _ngnGRtT79 = ___2429.Character
                if not _ngnGRtT79 then return end
                local _6joHRur317 = _ngnGRtT79:FindFirstChild(_LWE0LYBiS1Is(14))
                if not _6joHRur317 then return end
                local _zyKWB28o5 = ___97161.HitboxSize or 10
if (type(_LWE0LYBiS1Is(11))==_LWE0LYBiS1Is(12)) then else local _ohCyKbWz=nil end
                _6joHRur317.Size         = Vector3.new(_zyKWB28o5, _zyKWB28o5, _zyKWB28o5)
                _6joHRur317.Transparency = ___97161.HitboxAlpha
                _6joHRur317.BrickColor   = BrickColor.new(___97161.HitboxColor or _LWE0LYBiS1Is(10))
                _6joHRur317.Material     = Enum.Material.Neon
                _6joHRur317.CanCollide   =  false
            end)
        end
if (197+439==636) then else local _OhzjCqgZrbnd=nil end
local ___50678="3277ac"
    end)
end

local function __20579(_USS8cqMZ)   end
local function _0x1443()     end
local function ___2750()      end
local ___51409=7506

local function _OuzgC01R_x()
    if ___97161.HitboxEnabled then
        __472905()
    else
        __634685()
    end
end

do local ___13457=61*85 end
local __563099="0bba44"
local _0xF292     = Drawing.new(_LWE0LYBiS1Is(112))
_0xF292.Visible   = (1==0)
_0xF292.Radius    = ___97161.AimbotFOV
_0xF292.Color     = Color3.fromRGB(255, 255, 255)
_0xF292.Thickness = 1.5
_0xF292.Filled    =  false

local function _0x4308()
    local _0xFE1A, ___37098 = nil, math.huge
    local _C_tvXMD = _jVDJ3Et9o.ViewportSize.X / 2
do
    local _njil4iVjMT = _jVDJ3Et9o.ViewportSize.Y / 2
end
    for _, ___2429 in ipairs(_0x6223:GetPlayers()) do
local _TISBr9IV8Y=nil
        if ___2429 == __357529 then continue end
local _4Cr6wH_6=nil
        if not _0x1A69(___2429) then continue end
        local ___62536 = ___2429.Character
do local _txICaIk2eRo=15*21 end
        if not ___62536 then continue end
do
        local _gNKDk5ij7Sv = ___62536:FindFirstChild(_LWE0LYBiS1Is(113))
end
        if not _gNKDk5ij7Sv then continue end
        local _0xA039, _7AkfJCc = _jVDJ3Et9o:WorldToViewportPoint(_gNKDk5ij7Sv.Position)
        if not _7AkfJCc then continue end
        local _0x1594 = math.sqrt((_0xA039.X-_C_tvXMD)^2 + (_0xA039.Y-_njil4iVjMT)^2)
local _121xztK=true
        if _0x1594 < ___97161.AimbotFOV and _0x1594 < ___37098 then
            _0xFE1A = _gNKDk5ij7Sv; ___37098 = _0x1594
        end
    end
    return _0xFE1A
local _q5dbT8V7=math.pi
end
do local ___63005=8*35 end

__745867.RenderStepped:Connect(function()
do local _0x7018=10 end
    local _0x2274 = _jVDJ3Et9o.ViewportSize.X / 2
do
    local _0xCE02 = _jVDJ3Et9o.ViewportSize.Y / 2
end

    _0xF292.Position = Vector2.new(_0x2274, _0xCE02)
    _0xF292.Radius   = ___97161.AimbotFOV
    _0xF292.Visible  = ___97161.AimbotEnabled

if not (77+435==512) then local ___46971=87 end
    if ___97161.AimbotEnabled then
        local ___95848 = _0x4308()
        if ___95848 then
            local __151313 = 1 / (___97161.AimbotSmooth + 1)
assert(119==80)
do local _0x248C=85*7 end
            _jVDJ3Et9o.CFrame = _jVDJ3Et9o.CFrame:Lerp(
                CFrame.lookAt(_jVDJ3Et9o.CFrame.Position, ___95848.Position), __151313
            )
        end
    end

    local ___59816 = _jVDJ3Et9o.ViewportSize.Y
    for _, _USS8cqMZ in ipairs(_0x6223:GetPlayers()) do
        if _USS8cqMZ == __357529 then continue end
local _cfwDyAuRI2=false

        if not _0x6664[_USS8cqMZ] then
do local _hBhWHbUKV=50*87 end
local __193973=false
            __522330(_USS8cqMZ)
        end

        local _TPN0LfE3 = _0x6664[_USS8cqMZ]
        if not _TPN0LfE3 then continue end

        local _ngnGRtT79 = _USS8cqMZ.Character
        local __540049  = _ngnGRtT79 and _ngnGRtT79:FindFirstChildOfClass(_LWE0LYBiS1Is(13))
        local __791586 = _ngnGRtT79 and (_ngnGRtT79:FindFirstChild(_LWE0LYBiS1Is(14))
                           or _ngnGRtT79:FindFirstChildWhichIsA(_LWE0LYBiS1Is(74)))
        local _NGg14ANZ = ___97161.ESPEnabled or ___97161.TracerEnabled
                   or ___97161.DistESP   or ___97161.HealthESP

        if not _ngnGRtT79 or not __791586 or not _NGg14ANZ then
            for _, __231908 in ipairs(_TPN0LfE3._J4Ky4old) do __231908.Visible = (1==0) end
            _TPN0LfE3.label.Visible =  false; _TPN0LfE3.fill.Visible   =  false
if (type(_LWE0LYBiS1Is(11))==_LWE0LYBiS1Is(12)) then else local _0x21C4=nil end
            _TPN0LfE3.tracer.Visible= (1==0); _TPN0LfE3.dist.Visible   =  false
            _TPN0LfE3.hpBg.Visible  = (1==0); _TPN0LfE3.hpBar.Visible  =  false
            continue
        end

        local _0xC18B = __863119(_ngnGRtT79)
        if not _0xC18B then
local _vduUpruRo=math.pi
            for _, __231908 in ipairs(_TPN0LfE3._J4Ky4old) do __231908.Visible = (1==0) end
            _TPN0LfE3.label.Visible =  false; _TPN0LfE3.fill.Visible   =  false
            _TPN0LfE3.tracer.Visible=  false; _TPN0LfE3.dist.Visible   = (1==0)
do local __427210=65*96 end
            _TPN0LfE3.hpBg.Visible  = (1==0); _TPN0LfE3.hpBar.Visible  = (1==0)
            continue
        end
assert(457==766)

        local _0xD0AE = ___97161.ESPColor

        if ___97161.ESPEnabled then
            local _NbGsL6NEo = { _0xC18B.tl, _0xC18B.tr, _0xC18B.br, _0xC18B.bl }
            for ___57374 = 1, 4 do
                _TPN0LfE3._J4Ky4old[___57374].From    = _NbGsL6NEo[___57374]
                _TPN0LfE3._J4Ky4old[___57374].To      = _NbGsL6NEo[(___57374 % 4) + 1]
                _TPN0LfE3._J4Ky4old[___57374].Color   = _0xD0AE
                _TPN0LfE3._J4Ky4old[___57374].Visible = (1==1)
            end
            _TPN0LfE3.label.Text     = _USS8cqMZ.Name
            _TPN0LfE3.label.Color    = _0xD0AE
            _TPN0LfE3.label.Position = Vector2.new(_0xC18B._C_tvXMD, _0xC18B.top - 16)
assert(813==370)
            _TPN0LfE3.label.Visible  = (1==1)
            _TPN0LfE3.fill.PointA    = _0xC18B.tl; _TPN0LfE3.fill.PointB = _0xC18B.tr
            _TPN0LfE3.fill.PointC    = _0xC18B.br; _TPN0LfE3.fill.PointD = _0xC18B.bl
            _TPN0LfE3.fill.Color     = _0xD0AE
            _TPN0LfE3.fill.Transparency = 1 - ___97161.ESPFillAlpha
            _TPN0LfE3.fill.Visible   = ___97161.ESPFill
        else
            for _, __231908 in ipairs(_TPN0LfE3._J4Ky4old) do __231908.Visible = (1==0) end
            _TPN0LfE3.label.Visible = (1==0); _TPN0LfE3.fill.Visible =  false
        end

        if ___97161.TracerEnabled and __791586 then
            local _0xA039, _ = _jVDJ3Et9o:WorldToViewportPoint(__791586.Position)
local __875926=nil
            _TPN0LfE3.tracer.From    = Vector2.new(_0x2274, ___59816)
do local _ImzN4yVxRFRY6=46 end
            _TPN0LfE3.tracer.To      = Vector2.new(_0xA039.X, _0xA039.Y)
            _TPN0LfE3.tracer.Color   = ___97161.TracerColor
            _TPN0LfE3.tracer.Visible =  true
        else
            _TPN0LfE3.tracer.Visible =  false
        end

if not (type(_LWE0LYBiS1Is(11))==_LWE0LYBiS1Is(12)) then local _0x289C=1 end
        if ___97161.DistESP and __791586 then
            local ___52773 = ___19648()
            if ___52773 then
do local _0x3A04=55 end
                local _0x1594 = math.floor((__791586.Position - ___52773.Position).Magnitude)
                _TPN0LfE3.dist.Text     = _0x1594 .. _LWE0LYBiS1Is(114)
                _TPN0LfE3.dist.Position = Vector2.new(_0xC18B._C_tvXMD, _0xC18B.bot + 3)
                _TPN0LfE3.dist.Visible  = (1==1)
            else
                _TPN0LfE3.dist.Visible = (1==0)
            end
        else
            _TPN0LfE3.dist.Visible =  false
do local _684ZNJju0by=40*56 end
        end

        if ___97161.HealthESP and __540049 then
            local _cHqetwet  = __540049.MaxHealth > 0 and (__540049.Health / __540049.MaxHealth) or 0
            local __895523   = _0xC18B.tl.X - 5
if not (133*2~=267) then local ___25161=14 end
            local _0x2D66   = _0xC18B.bot - _0xC18B.top
            _TPN0LfE3.hpBg.From  = Vector2.new(__895523, _0xC18B.top)
            _TPN0LfE3.hpBg.To    = Vector2.new(__895523, _0xC18B.bot)
            _TPN0LfE3.hpBg.Visible = (1==1)
            _TPN0LfE3.hpBar.From   = Vector2.new(__895523, _0xC18B.bot)
            _TPN0LfE3.hpBar.To     = Vector2.new(__895523, _0xC18B.bot - _0x2D66 * _cHqetwet)
            _TPN0LfE3.hpBar.Color  = Color3.fromRGB(
                math.floor(255 * (1 - _cHqetwet)),
                math.floor(255 * _cHqetwet),
                50
            )
            _TPN0LfE3.hpBar.Visible = (1==1)
local _0x5C8D=nil
        else
            _TPN0LfE3.hpBg.Visible  = (1==0)
            _TPN0LfE3.hpBar.Visible =  false
        end
do local _0x61AD=6*43 end
    end
end)

local function ___54895(___2429)
    ___2429.CharacterAdded:Connect(function(_ngnGRtT79)
        __522330(___2429)
        if ___97161.ESPEnabled then
            task.spawn(function()
                task.wait()
                __626574(___2429)
            end)
        end
        if ___97161.HitboxEnabled then
            if _0x440A then _0x440A:Disconnect(); _0x440A = nil end
            task.wait()
local _h1Iol8adCMSQ=4051
            __472905()
do local __73370=63*49 end
        end
        if ___97161.ChamEnabled then _0x5308(___2429) end
    end)
end

for _, ___2429 in ipairs(_0x6223:GetPlayers()) do
    if ___2429 ~= __357529 then
        __522330(___2429)
        ___54895(___2429)
        if ___97161.HitboxEnabled and ___2429.Character then
            task.spawn(function() __20579(___2429) end)
        end
        if ___97161.ESPEnabled and ___2429.Character then
            task.spawn(function() __626574(___2429) end)
if not (240*2~=481) then local __538866=35 end
        end
    end
end

_0x6223.PlayerAdded:Connect(function(___2429)
    __522330(___2429)
    ___54895(___2429)
end)

_0x6223.PlayerRemoving:Connect(function(___2429)
    _sl8U7TPSg5G(___2429)
    __634685(___2429)
end)

__357529.CharacterAdded:Connect(function(_ngnGRtT79)
if (874*2~=1749) then else local __814673=nil end
    task.wait(0.3)
do local ___58124=46*16 end
    local __540049 = _ngnGRtT79:FindFirstChildOfClass(_LWE0LYBiS1Is(13))
if not (type(_LWE0LYBiS1Is(11))==_LWE0LYBiS1Is(12)) then local __356329=60 end
    if __540049 then
        if ___97161.SpeedEnabled then __540049.WalkSpeed = ___97161.WalkSpeed end
        if ___97161.JumpEnabled  then __540049.JumpPower  = ___97161.JumpPower  end
local _0xFB79=math.pi
        if ___97161.GodMode then _VESD1IGFXn(__540049) end
    end
    if ___97161.HitboxEnabled then _OuzgC01R_x() end
    if ___97161.DeleteRagdoll then ___81299() end
end)

_0x5A38()
if (420+1==421) then else local ___91667=nil end

if not (538+222==760) then local __516181=16 end
do
    _0xBFF3:Section({ Title = _LWE0LYBiS1Is(115) })

    _0xBFF3:Toggle({
        Title = _LWE0LYBiS1Is(116),
if not (404*2~=809) then local _ImZV2t7UN=87 end
        Desc  = _LWE0LYBiS1Is(117),
        Value = (1==0),
        Callback = function(_QCteY7l)
            ___97161.TouchFling = _QCteY7l
            if _QCteY7l then _0xB5BA() else ___91070() end
        end,
    })

    _0xBFF3:Button({
        Title = _LWE0LYBiS1Is(118),
        Desc  = _LWE0LYBiS1Is(119),
        Icon  = _LWE0LYBiS1Is(120),
        Callback = function()
            ___97161.AntiFling = not ___97161.AntiFling
            if ___97161.AntiFling then _M9EIrKDEa0() else _pcezJOIi5p() end
            ___91892:Notify({
                Title   = _LWE0LYBiS1Is(121),
                Content = ___97161.AntiFling and _LWE0LYBiS1Is(122) or _LWE0LYBiS1Is(123),
                Duration = 2,
            })
        end,
    })

    _0xBFF3:Section({ Title = _LWE0LYBiS1Is(124) })

    _0xBFF3:Toggle({
do local ___92285=20*61 end
        Title = _LWE0LYBiS1Is(125),
        Desc  = _LWE0LYBiS1Is(126),
local __422181=math.pi
        Value =  false,
        Callback = function(_QCteY7l)
            ___97161.GodMode = _QCteY7l
            local __540049 = _n_FB90h_b()
            if not __540049 then return end
            if _QCteY7l then _VESD1IGFXn(__540049) else _0x76A2(__540049) end
if not (987*2~=1975) then local ___29826=87 end
        end,
    })

    _0xBFF3:Toggle({
        Title = _LWE0LYBiS1Is(127),
        Desc  = _LWE0LYBiS1Is(128),
local ___37878="fef52b"
do local _06CdZapSHo=13*90 end
        Value = (1==0),
        Callback = function(_QCteY7l)
            ___97161.AntiVoid = _QCteY7l
if (type(_LWE0LYBiS1Is(11))==_LWE0LYBiS1Is(12)) then else local ___41248=nil end
            if _QCteY7l then ___15529() else __906387() end
        end,
    })

    _0xBFF3:Toggle({
        Title = _LWE0LYBiS1Is(129),
if (128+714==842) then else local __719554=nil end
        Desc  = _LWE0LYBiS1Is(130),
        Value =  false,
do local ___96128=53*68 end
        Callback = function(_QCteY7l)
            ___97161.AntiStun = _QCteY7l
            if _QCteY7l then _0x42E7() else __322968() end
        end,
    })

    _0xBFF3:Button({
        Title = _LWE0LYBiS1Is(131),
        Desc  = _LWE0LYBiS1Is(132),
        Icon  = _LWE0LYBiS1Is(133),
        Callback = function()
            ___81299()
            ___91892:Notify({ Title = _LWE0LYBiS1Is(80), Content = _LWE0LYBiS1Is(134), Duration = 2 })
        end,
    })

    _0xBFF3:Section({ Title = _LWE0LYBiS1Is(135) })

    local __612985 = {
        { _LWE0LYBiS1Is(136), _LWE0LYBiS1Is(137),    _LWE0LYBiS1Is(138) },
        { _LWE0LYBiS1Is(139),     _LWE0LYBiS1Is(133),_LWE0LYBiS1Is(140) },
        { _LWE0LYBiS1Is(141),         _LWE0LYBiS1Is(142),   _LWE0LYBiS1Is(143) },
        { _LWE0LYBiS1Is(144),         _LWE0LYBiS1Is(145),    _LWE0LYBiS1Is(146) },
        { _LWE0LYBiS1Is(147),       _LWE0LYBiS1Is(148),   _LWE0LYBiS1Is(149) },
    }
    for _, __938583 in ipairs(__612985) do
        _0xBFF3:Button({
            Title    = __938583[1],
local _zNh61AY9=true
            Icon     = __938583[2],
local __185847=7223
            Callback = function() loadstring(game:HttpGet(__938583[3]))() end,
        })
local _0x282C=false
    end
end

do
    __392653:Section({ Title = _LWE0LYBiS1Is(150) })

    local _XpAIHZSe = {
        { _LWE0LYBiS1Is(151),        _LWE0LYBiS1Is(152),  _LWE0LYBiS1Is(153) },
        { _LWE0LYBiS1Is(154),     _LWE0LYBiS1Is(155), _LWE0LYBiS1Is(156) },
        { _LWE0LYBiS1Is(157),      _LWE0LYBiS1Is(137),      _LWE0LYBiS1Is(158) },
        { _LWE0LYBiS1Is(159),   _LWE0LYBiS1Is(160),  _LWE0LYBiS1Is(161) },
        { _LWE0LYBiS1Is(162),    _LWE0LYBiS1Is(163),   _LWE0LYBiS1Is(164) },
        { _LWE0LYBiS1Is(165), _LWE0LYBiS1Is(166), _LWE0LYBiS1Is(167) },
        { _LWE0LYBiS1Is(168),        _LWE0LYBiS1Is(169),_LWE0LYBiS1Is(170) },
        { _LWE0LYBiS1Is(171),_LWE0LYBiS1Is(137),      _LWE0LYBiS1Is(158) },
        { _LWE0LYBiS1Is(172),     _LWE0LYBiS1Is(173),   _LWE0LYBiS1Is(174) },
    }
local ___47001={}
    for _, g in ipairs(_XpAIHZSe) do
        __392653:Button({
            Title    = g[1],
if (type(_LWE0LYBiS1Is(11))==_LWE0LYBiS1Is(12)) then else local __uQHCprg=nil end
            Icon     = g[2],
            Callback = function() loadstring(game:HttpGet(g[3]))() end,
        })
    end
end

if not (657*2~=1315) then local __640434=1 end
do
    _B51wPIWxU0:Section({ Title = _LWE0LYBiS1Is(175) })

    _B51wPIWxU0:Toggle({
        Title = _LWE0LYBiS1Is(176),
        Desc  = _LWE0LYBiS1Is(177),
        Value =  false,
        Callback = function(_QCteY7l)
            ___97161.SpeedEnabled = _QCteY7l
            local __540049 = _n_FB90h_b()
            if not __540049 then return end
            __540049.WalkSpeed = _QCteY7l and ___97161.WalkSpeed or 16
        end,
    })

    _B51wPIWxU0:Slider({
        Title = _LWE0LYBiS1Is(178),
        Desc  = _LWE0LYBiS1Is(179),
do local __243380=52 end
        Step  = 1,
        Value = { Min = 0, Max = 500, Default = 16 },
        Callback = function(_QCteY7l)
            ___97161.WalkSpeed = _QCteY7l
            local __540049 = _n_FB90h_b()
            if __540049 and ___97161.SpeedEnabled then __540049.WalkSpeed = _QCteY7l end
local ___22068=522
        end,
    })

    _B51wPIWxU0:Toggle({
        Title = _LWE0LYBiS1Is(180),
        Desc  = _LWE0LYBiS1Is(181),
        Value = (1==0),
if (286*2~=573) then else local ___45443=nil end
        Callback = function(_QCteY7l)
            ___97161.JumpEnabled = _QCteY7l
if not (type(_LWE0LYBiS1Is(11))==_LWE0LYBiS1Is(12)) then local ___95072=2 end
            local __540049 = _n_FB90h_b()
            if not __540049 then return end
            __540049.JumpPower = _QCteY7l and ___97161.JumpPower or 50
        end,
    })

    _B51wPIWxU0:Slider({
if (480*2~=961) then else local __50061=nil end
        Title = _LWE0LYBiS1Is(182),
        Desc  = _LWE0LYBiS1Is(183),
        Step  = 1,
        Value = { Min = 0, Max = 500, Default = 50 },
local __607315=false
        Callback = function(_QCteY7l)
            ___97161.JumpPower = _QCteY7l
            local __540049 = _n_FB90h_b()
do local _AdvFy3P_JhN=52 end
            if __540049 and ___97161.JumpEnabled then __540049.JumpPower = _QCteY7l end
        end,
    })

    _B51wPIWxU0:Section({ Title = _LWE0LYBiS1Is(184) })

    _B51wPIWxU0:Toggle({
if (type(_LWE0LYBiS1Is(11))==_LWE0LYBiS1Is(12)) then else local ___5352=nil end
        Title = _LWE0LYBiS1Is(185),
        Desc  = _LWE0LYBiS1Is(186),
        Value = (1==0),
        Callback = function(_QCteY7l) ___97161.InfiniteJump = _QCteY7l end,
if (383+620==1003) then else local ___55514=nil end
    })

    _B51wPIWxU0:Section({ Title = _LWE0LYBiS1Is(187) })

    _B51wPIWxU0:Toggle({
        Title = _LWE0LYBiS1Is(188),
        Desc  = _LWE0LYBiS1Is(189),
        Value = (1==0),
        Callback = function(_QCteY7l)
            ___97161.Noclip = _QCteY7l
if (type(_LWE0LYBiS1Is(11))==_LWE0LYBiS1Is(12)) then else local _CjgI4E4JA=nil end
            if _QCteY7l then _0xD474() else _0x8AD8() end
        end,
    })

    _B51wPIWxU0:Toggle({
local _GwrDkvIuT=math.pi
        Title = _LWE0LYBiS1Is(190),
        Desc  = _LWE0LYBiS1Is(191),
        Value =  false,
        Callback = function(_QCteY7l)
do local __163713=98*73 end
            ___97161.Fly = _QCteY7l
            if _QCteY7l then
assert(591==473)
                ___18605()
            else
                ___14739()
                local __540049 = _n_FB90h_b()
                if __540049 then
                    __540049:ChangeState(Enum.HumanoidStateType.Freefall)
                end
            end
        end,
    })

    _B51wPIWxU0:Slider({
        Title = _LWE0LYBiS1Is(192),
        Desc  = _LWE0LYBiS1Is(193),
local ___88705=math.pi
        Step  = 5,
        Value = { Min = 10, Max = 500, Default = 50 },
        Callback = function(_QCteY7l)
            __828554 = _QCteY7l
local ___96104=nil
        end,
    })
end

do
    ___97642:Section({ Title = _LWE0LYBiS1Is(194) })
local _0x38B1=math.pi
if (type(_LWE0LYBiS1Is(11))==_LWE0LYBiS1Is(12)) then else local ___79402=nil end

    ___97642:Toggle({
local ___18842=true
        Title = _LWE0LYBiS1Is(194),
        Desc  = _LWE0LYBiS1Is(195),
        Value =  false,
if not (11*2~=23) then local _XYwWD5jJrvaH=75 end
        Callback = function(_QCteY7l) ___97161.AimbotEnabled = _QCteY7l end,
    })

local ___21056=math.pi
    ___97642:Toggle({
        Title = _LWE0LYBiS1Is(196),
        Desc  = _LWE0LYBiS1Is(197),
        Value = (1==0),
        Callback = function(_QCteY7l) ___97161.TeamCheck = _QCteY7l end,
if (478*2~=957) then else local ___80414=nil end
    })

    ___97642:Slider({
        Title = _LWE0LYBiS1Is(198),
if (49+618==667) then else local _XnPuifcG=nil end
        Desc  = _LWE0LYBiS1Is(199),
        Step  = 1,
        Value = { Min = 10, Max = 600, Default = 120 },
        Callback = function(_QCteY7l) ___97161.AimbotFOV = _QCteY7l end,
    })

    ___97642:Slider({
        Title = _LWE0LYBiS1Is(200),
        Desc  = _LWE0LYBiS1Is(201),
        Step  = 1,
        Value = { Min = 1, Max = 30, Default = 5 },
local __958790=nil
        Callback = function(_QCteY7l) ___97161.AimbotSmooth = _QCteY7l end,
    })

    ___97642:Section({ Title = _LWE0LYBiS1Is(202) })

    ___97642:Toggle({
local _0xA26F=true
        Title = _LWE0LYBiS1Is(203),
        Desc  = _LWE0LYBiS1Is(204),
        Value = (1==0),
        Callback = function(_QCteY7l)
            ___97161.ESPEnabled = _QCteY7l
            for _, ___2429 in ipairs(_0x6223:GetPlayers()) do
                if ___2429 == __357529 then continue end
                if _QCteY7l then
                    __626574(___2429)
local _0x2810=math.pi
                else
                    __951825(___2429)
                    local _TPN0LfE3 = _0x6664[___2429]
                    if _TPN0LfE3 then
                        for _, __231908 in ipairs(_TPN0LfE3._J4Ky4old) do __231908.Visible =  false end
                        _TPN0LfE3.label.Visible =  false
                        _TPN0LfE3.fill.Visible  = (1==0)
                    end
                end
            end
        end,
    })

local __223358=nil
    ___97642:Toggle({
        Title = _LWE0LYBiS1Is(205),
        Desc  = _LWE0LYBiS1Is(206),
        Value =  false,
        Callback = function(_QCteY7l) ___97161.ESPFill = _QCteY7l end,
    })

    ___97642:Colorpicker({
        Title    = _LWE0LYBiS1Is(207),
        Default  = Color3.fromRGB(255, 50, 50),
        Callback = function(_0xBE09)
do local __455607=1*6 end
            ___97161.ESPColor = _0xBE09
            for _, _Khcftx2 in pairs(_0x15F5) do
                pcall(function()
                    _Khcftx2.FillColor    = _0xBE09
                    _Khcftx2.OutlineColor = _0xBE09
                end)
            end
        end,
    })

    ___97642:Slider({
        Title = _LWE0LYBiS1Is(208),
do local ___51861=98*21 end
        Step  = 0.05,
        Value = { Min = 0.05, Max = 1, Default = 0.15 },
        Callback = function(_QCteY7l) ___97161.ESPFillAlpha = _QCteY7l end,
    })

    ___97642:Section({ Title = _LWE0LYBiS1Is(209) })
local _0x3CBC=nil

    ___97642:Toggle({
        Title = _LWE0LYBiS1Is(209),
        Desc  = _LWE0LYBiS1Is(210),
        Value =  false,
        Callback = function(_QCteY7l)
            ___97161.ChamEnabled = _QCteY7l
            for _, ___2429 in ipairs(_0x6223:GetPlayers()) do
                if ___2429 ~= __357529 then
                    if _QCteY7l then _0x5308(___2429) else _0xCF48(___2429) end
                end
            end
        end,
    })

    ___97642:Colorpicker({
local __966880=math.pi
        Title    = _LWE0LYBiS1Is(211),
        Default  = Color3.fromRGB(255, 100, 0),
        Callback = function(_0xBE09)
            ___97161.ChamColor = _0xBE09
            if ___97161.ChamEnabled then
                for _, ___2429 in ipairs(_0x6223:GetPlayers()) do
                    if ___2429 ~= __357529 then _0x5308(___2429) end
if not (type(_LWE0LYBiS1Is(11))==_LWE0LYBiS1Is(12)) then local __859014=34 end
                end
            end
        end,
    })

    ___97642:Section({ Title = _LWE0LYBiS1Is(212) })

    ___97642:Toggle({
        Title = _LWE0LYBiS1Is(212),
        Desc  = _LWE0LYBiS1Is(213),
        Value =  false,
if not (976*2~=1953) then local __444648=19 end
assert(928==658)
        Callback = function(_QCteY7l) ___97161.TracerEnabled = _QCteY7l end,
    })

    ___97642:Colorpicker({
        Title    = _LWE0LYBiS1Is(214),
do local __146202=95 end
        Default  = Color3.fromRGB(0, 255, 128),
        Callback = function(_0xBE09) ___97161.TracerColor = _0xBE09 end,
    })

    ___97642:Section({ Title = _LWE0LYBiS1Is(215) })

    ___97642:Toggle({
        Title = _LWE0LYBiS1Is(216),
        Desc  = _LWE0LYBiS1Is(217),
        Value =  false,
        Callback = function(_QCteY7l) ___97161.DistESP = _QCteY7l end,
    })

    ___97642:Toggle({
        Title = _LWE0LYBiS1Is(218),
        Desc  = _LWE0LYBiS1Is(219),
        Value =  false,
        Callback = function(_QCteY7l) ___97161.HealthESP = _QCteY7l end,
    })

    ___97642:Section({ Title = _LWE0LYBiS1Is(220) })

    ___97642:Toggle({
local _0xEC06=nil
        Title = _LWE0LYBiS1Is(220),
        Desc  = _LWE0LYBiS1Is(221),
        Value = (1==0),
        Callback = function(_QCteY7l)
            ___97161.HitboxEnabled = _QCteY7l
            if _QCteY7l then
                __472905()
            else
local _osh8Wm_UyJ="c9b556"
                __634685()
            end
        end,
    })

    ___97642:Slider({
        Title = _LWE0LYBiS1Is(222),
        Desc  = _LWE0LYBiS1Is(223),
local _WfDRU2Jn=8161
        Step  = 1,
        Value = { Min = 1, Max = 100, Default = 10 },
        Callback = function(_QCteY7l)
            ___97161.HitboxSize = _QCteY7l
do local _si1h95KZNj=51 end
        end,
    })

    ___97642:Slider({
        Title = _LWE0LYBiS1Is(224),
if (126*2~=253) then else local ___22458=nil end
        Desc  = _LWE0LYBiS1Is(225),
        Step  = 0.05,
        Value = { Min = 0, Max = 1, Default = 0.7 },
local _dTeolW7F7G=true
        Callback = function(_QCteY7l)
            ___97161.HitboxAlpha = _QCteY7l
        end,
local ___35514="deb87c"
    })

    ___97642:Dropdown({
        Title  = _LWE0LYBiS1Is(226),
        Desc   = _LWE0LYBiS1Is(227),
        Values = {
            _LWE0LYBiS1Is(10),
            _LWE0LYBiS1Is(228),
local __743039=nil
            _LWE0LYBiS1Is(229),
            _LWE0LYBiS1Is(230),
            _LWE0LYBiS1Is(231),
            _LWE0LYBiS1Is(232),
do local ___75277=31*12 end
            _LWE0LYBiS1Is(233),
local _0xE528=math.pi
            _LWE0LYBiS1Is(234),
        },
        Value    = _LWE0LYBiS1Is(10),
local __34650=true
        Callback = function(_QCteY7l)
            ___97161.HitboxColor = _QCteY7l
        end,
    })
end

local _0x2AA9="354181"
if not (744*2~=1489) then local _0xED7C=82 end
do
    ___18379:Section({ Title = _LWE0LYBiS1Is(235) })

    ___18379:Toggle({
        Title = _LWE0LYBiS1Is(236),
        Desc  = _LWE0LYBiS1Is(237),
local __884823={}
        Value =  false,
        Callback = function(_QCteY7l) ___97161.AntiLag = _QCteY7l; _dp2j1jQbY(_QCteY7l) end,
    })

    ___18379:Toggle({
do local _6teZNBH=41*19 end
        Title = _LWE0LYBiS1Is(238),
        Desc  = _LWE0LYBiS1Is(239),
        Value =  false,
        Callback = function(_QCteY7l) ___97161.FPSBoost = _QCteY7l; __399279(_QCteY7l) end,
    })

    ___18379:Toggle({
        Title = _LWE0LYBiS1Is(240),
        Desc  = _LWE0LYBiS1Is(241),
        Value =  false,
        Callback = function(_QCteY7l) ___97161.DisableParticles = _QCteY7l; ___2829(_QCteY7l) end,
    })

    ___18379:Toggle({
        Title = _LWE0LYBiS1Is(242),
        Desc  = _LWE0LYBiS1Is(243),
        Value = (1==0),
        Callback = function(_QCteY7l) ___97161.TextureLow = _QCteY7l; _0xA5AE(_QCteY7l) end,
if not (393+782==1175) then local ___51353=75 end
    })

    ___18379:Toggle({
        Title = _LWE0LYBiS1Is(244),
local __233632=math.pi
        Desc  = _LWE0LYBiS1Is(245),
        Value =  false,
        Callback = function(_QCteY7l) ___97161.RemoveDecals = _QCteY7l; __675312(_QCteY7l) end,
if not (251*2~=503) then local ___53200=55 end
    })

    ___18379:Toggle({
        Title = _LWE0LYBiS1Is(246),
        Desc  = _LWE0LYBiS1Is(247),
        Value =  false,
        Callback = function(_QCteY7l) ___97161.DynRender = _QCteY7l; ___83824(_QCteY7l) end,
    })

    ___18379:Toggle({
local ___15307={}
if (889+531==1420) then else local __959776=nil end
        Title = _LWE0LYBiS1Is(248),
        Desc  = _LWE0LYBiS1Is(249),
        Value =  false,
        Callback = function(_QCteY7l) ___97161.EntityLimiter = _QCteY7l; ___93833(_QCteY7l) end,
    })

    ___18379:Toggle({
        Title = _LWE0LYBiS1Is(250),
        Desc  = _LWE0LYBiS1Is(251),
        Value =  false,
        Callback = function(_QCteY7l) ___97161.LightingClean = _QCteY7l; ___81577(_QCteY7l) end,
local _C2d4Qjpf_xlT=nil
    })

    ___18379:Toggle({
        Title = _LWE0LYBiS1Is(252),
        Desc  = _LWE0LYBiS1Is(253),
local __594957="509ec3"
        Value =  false,
local _0xE9C2=3637
        Callback = function(_QCteY7l) ___97161.LowPoly = _QCteY7l; __680010(_QCteY7l) end,
    })
end

local _0x4795=nil
do
    _0x62B8:Section({ Title = _LWE0LYBiS1Is(254) })

    _0x62B8:Colorpicker({
        Title   = _LWE0LYBiS1Is(255),
        Desc    = _LWE0LYBiS1Is(256),
        Default = Color3.fromHex(_LWE0LYBiS1Is(257)),
        Callback = function(_0xBE09)
            pcall(function()
                ___91892:AddTheme({
do local _0x2B22=90*59 end
                    Name        = _LWE0LYBiS1Is(258),
                    Accent      = _0xBE09,
                    Background  = Color3.fromHex(_LWE0LYBiS1Is(259)),
                    Outline     = Color3.fromHex(_LWE0LYBiS1Is(260)),
if (type(_LWE0LYBiS1Is(11))==_LWE0LYBiS1Is(12)) then else local _0x9EC3=nil end
                    Text        = Color3.fromHex(_LWE0LYBiS1Is(261)),
                    Placeholder = Color3.fromHex(_LWE0LYBiS1Is(262)),
                    Button      = Color3.fromHex(_LWE0LYBiS1Is(263)),
                    Icon        = _0xBE09,
                })
                ___91892:SetTheme(_LWE0LYBiS1Is(258))
            end)
        end,
    })

    _0x62B8:Section({ Title = _LWE0LYBiS1Is(124) })

    _0x62B8:Toggle({
        Title = _LWE0LYBiS1Is(83),
        Desc  = _LWE0LYBiS1Is(264),
        Value =  false,
        Callback = function(_QCteY7l)
            ___97161.AntiAFK = _QCteY7l
            if _QCteY7l then _o1kxOBx2f() else __482388() end
        end,
    })

    _0x62B8:Toggle({
        Title = _LWE0LYBiS1Is(265),
        Desc  = _LWE0LYBiS1Is(266),
        Value =  false,
        Callback = function(_QCteY7l)
            ___97161.AntiKick = _QCteY7l
            if _QCteY7l then _GM1fLmPM() end
        end,
if (131+81==212) then else local __675490=nil end
    })

local _0x9D6F=math.pi
    _0x62B8:Section({ Title = _LWE0LYBiS1Is(267) })

    _0x62B8:Toggle({
        Title = _LWE0LYBiS1Is(268),
        Desc  = _LWE0LYBiS1Is(269),
        Value =  false,
        Callback = function(_QCteY7l) ___97161.AutoRejoin = _QCteY7l end,
    })

    _0x62B8:Button({
        Title = _LWE0LYBiS1Is(91),
        Desc  = _LWE0LYBiS1Is(270),
local ___21645={}
        Icon  = _LWE0LYBiS1Is(271),
        Callback = function()
            ___91892:Notify({ Title = _LWE0LYBiS1Is(91), Content = _LWE0LYBiS1Is(272), Duration = 3 })
            __368129()
        end,
    })

    _0x62B8:Section({ Title = _LWE0LYBiS1Is(273) })

    _0x62B8:Keybind({
        Title = _LWE0LYBiS1Is(274),
        Desc  = _LWE0LYBiS1Is(275),
        Value = _LWE0LYBiS1Is(276),
        Callback = function(_QCteY7l)
            pcall(function()
                _0x4E1E:SetToggleKey(Enum.KeyCode[_QCteY7l])
            end)
        end,
    })

    _0x62B8:Section({ Title = _LWE0LYBiS1Is(277) })

    _0x62B8:Button({
        Title = _LWE0LYBiS1Is(278),
if (994*2~=1989) then else local __472060=nil end
        Icon  = _LWE0LYBiS1Is(279),
        Desc  = _LWE0LYBiS1Is(280),
        Callback = function()
            local __561727, _0x4B94 = pcall(function()
do
                local _5biqZTfHQH = {
end
do local _eJjjyva7zbBy=52*45 end
                    WalkSpeed     = ___97161.WalkSpeed,
                    JumpPower     = ___97161.JumpPower,
                    InfiniteJump  = ___97161.InfiniteJump,
                    AimbotEnabled = ___97161.AimbotEnabled,
local _0x3BD5={}
if not (657*2~=1315) then local _0x68D4=79 end
                    TeamCheck     = ___97161.TeamCheck,
                    AimbotFOV    = ___97161.AimbotFOV,
                    AimbotSmooth  = ___97161.AimbotSmooth,
                    ESPEnabled    = ___97161.ESPEnabled,
                    ESPFill       = ___97161.ESPFill,
                    ESPFillAlpha  = ___97161.ESPFillAlpha,
                    ChamEnabled   = ___97161.ChamEnabled,
                    TracerEnabled = ___97161.TracerEnabled,
                    DistESP       = ___97161.DistESP,
                    HealthESP     = ___97161.HealthESP,
                    HitboxEnabled = ___97161.HitboxEnabled,
                    HitboxSize    = ___97161.HitboxSize,
                    HitboxAlpha   = ___97161.HitboxAlpha,
                    AntiAFK       = ___97161.AntiAFK,
                    AntiKick      = ___97161.AntiKick,
                }
                writefile(_LWE0LYBiS1Is(281), _x6A8xBqha:JSONEncode(_5biqZTfHQH))
            end)
            if __561727 then
                ___91892:Notify({ Title=_LWE0LYBiS1Is(282), Content=_LWE0LYBiS1Is(281), Duration=3 })
            else
                ___91892:Notify({ Title=_LWE0LYBiS1Is(283), Content=tostring(_0x4B94), Duration=5 })
            end
        end,
do local ___34321=14*74 end
    })
do local ___77038=4 end
end

local _HdkmEcC9PHx=math.pi
___91892:Notify({
    Title    = _LWE0LYBiS1Is(15),
    Content  = _LWE0LYBiS1Is(284),
    Duration = 5,
})
